# Bastion TX-9R low-poly tank — generated original asset
# Coordinates: meters, +Y up, +Z forward
mtllib Bastion_Tank.mtl
o Bastion_Hull
g Bastion_Hull
usemtl BastionPalette
s off
vt 0.10000000 0.50000000
vt 0.30000000 0.50000000
vt 0.50000000 0.50000000
vt 0.70000000 0.50000000
vt 0.90000000 0.50000000
# piece Hull_Armor palette=Armor
v -1.10000000 -0.62000000 -2.25000000
v 1.10000000 -0.62000000 -2.25000000
v 1.27000000 -0.62000000 -1.72000000
v 1.27000000 -0.62000000 1.50000000
v 1.03000000 -0.62000000 1.88000000
v -1.03000000 -0.62000000 1.88000000
v -1.27000000 -0.62000000 1.50000000
v -1.27000000 -0.62000000 -1.72000000
v -1.18000000 -0.02000000 -2.18000000
v 1.18000000 -0.02000000 -2.18000000
v 1.34000000 -0.02000000 -1.66000000
v 1.34000000 -0.02000000 1.62000000
v 1.08000000 -0.02000000 2.30000000
v -1.08000000 -0.02000000 2.30000000
v -1.34000000 -0.02000000 1.62000000
v -1.34000000 -0.02000000 -1.66000000
v 0.00000000 -0.62000000 -0.14750000
v 0.00000000 -0.02000000 0.02000000
v -1.27000000 -0.05000000 -2.02000000
v 1.27000000 -0.05000000 -2.02000000
v 1.31000000 -0.05000000 -1.42000000
v 1.31000000 -0.05000000 1.58000000
v 1.03000000 -0.05000000 2.31000000
v -1.03000000 -0.05000000 2.31000000
v -1.31000000 -0.05000000 1.58000000
v -1.31000000 -0.05000000 -1.42000000
v -1.15000000 0.28000000 -1.86000000
v 1.15000000 0.28000000 -1.86000000
v 1.19000000 0.28000000 -1.30000000
v 1.15000000 0.28000000 1.25000000
v 0.82000000 0.28000000 1.98000000
v -0.82000000 0.28000000 1.98000000
v -1.15000000 0.28000000 1.25000000
v -1.19000000 0.28000000 -1.30000000
v -0.94000000 0.58000000 -1.55000000
v 0.94000000 0.58000000 -1.55000000
v 1.00000000 0.58000000 -1.08000000
v 0.92000000 0.58000000 0.70000000
v 0.60000000 0.58000000 1.30000000
v -0.60000000 0.58000000 1.30000000
v -0.92000000 0.58000000 0.70000000
v -1.00000000 0.58000000 -1.08000000
v 0.00000000 -0.05000000 0.11250000
v 0.00000000 0.58000000 -0.15750000
v -1.58000000 0.38000000 -2.30000000
v -1.58000000 0.38000000 2.22000000
v -1.58000000 0.50000000 -2.30000000
v -1.58000000 0.50000000 2.22000000
v -1.28000000 0.38000000 -2.30000000
v -1.28000000 0.38000000 2.22000000
v -1.28000000 0.50000000 -2.30000000
v -1.28000000 0.50000000 2.22000000
v -1.59000000 0.33429350 1.66187278
v -1.59000000 0.40722573 2.07549204
v -1.59000000 0.43277427 1.64450796
v -1.59000000 0.50570650 2.05812722
v -1.27000000 0.33429350 1.66187278
v -1.27000000 0.40722573 2.07549204
v -1.27000000 0.43277427 1.64450796
v -1.27000000 0.50570650 2.05812722
v -1.59000000 0.20890803 1.90849229
v -1.59000000 0.37973742 2.29218138
v -1.59000000 0.30026258 1.86781862
v -1.59000000 0.47109197 2.25150771
v -1.27000000 0.20890803 1.90849229
v -1.27000000 0.37973742 2.29218138
v -1.27000000 0.30026258 1.86781862
v -1.27000000 0.47109197 2.25150771
v -1.59000000 0.02671238 2.14127005
v -1.59000000 0.29668318 2.46300871
v -1.59000000 0.10331682 2.07699129
v -1.59000000 0.37328762 2.39872995
v -1.27000000 0.02671238 2.14127005
v -1.27000000 0.29668318 2.46300871
v -1.27000000 0.10331682 2.07699129
v -1.27000000 0.37328762 2.39872995
v -1.59000000 -0.18205754 2.32402137
v -1.59000000 0.16613825 2.55888239
v -1.59000000 -0.12613825 2.24111761
v -1.59000000 0.22205754 2.47597863
v -1.27000000 -0.18205754 2.32402137
v -1.27000000 0.16613825 2.55888239
v -1.27000000 -0.12613825 2.24111761
v -1.27000000 0.22205754 2.47597863
v -1.59000000 0.40722573 -2.05549204
v -1.59000000 0.33429350 -1.64187278
v -1.59000000 0.50570650 -2.03812722
v -1.59000000 0.43277427 -1.62450796
v -1.27000000 0.40722573 -2.05549204
v -1.27000000 0.33429350 -1.64187278
v -1.27000000 0.50570650 -2.03812722
v -1.27000000 0.43277427 -1.62450796
v -1.59000000 0.37973742 -2.26218138
v -1.59000000 0.20890803 -1.87849229
v -1.59000000 0.47109197 -2.22150771
v -1.59000000 0.30026258 -1.83781862
v -1.27000000 0.37973742 -2.26218138
v -1.27000000 0.20890803 -1.87849229
v -1.27000000 0.47109197 -2.22150771
v -1.27000000 0.30026258 -1.83781862
v -1.59000000 0.29668318 -2.41300871
v -1.59000000 0.02671238 -2.09127005
v -1.59000000 0.37328762 -2.34872995
v -1.59000000 0.10331682 -2.02699129
v -1.27000000 0.29668318 -2.41300871
v -1.27000000 0.02671238 -2.09127005
v -1.27000000 0.37328762 -2.34872995
v -1.27000000 0.10331682 -2.02699129
v -1.59000000 0.18050431 -2.50388575
v -1.59000000 -0.15928283 -2.25701595
v -1.59000000 0.23928283 -2.42298405
v -1.59000000 -0.10050431 -2.17611425
v -1.27000000 0.18050431 -2.50388575
v -1.27000000 -0.15928283 -2.25701595
v -1.27000000 0.23928283 -2.42298405
v -1.27000000 -0.10050431 -2.17611425
v 1.28000000 0.38000000 -2.30000000
v 1.28000000 0.38000000 2.22000000
v 1.28000000 0.50000000 -2.30000000
v 1.28000000 0.50000000 2.22000000
v 1.58000000 0.38000000 -2.30000000
v 1.58000000 0.38000000 2.22000000
v 1.58000000 0.50000000 -2.30000000
v 1.58000000 0.50000000 2.22000000
v 1.27000000 0.33429350 1.66187278
v 1.27000000 0.40722573 2.07549204
v 1.27000000 0.43277427 1.64450796
v 1.27000000 0.50570650 2.05812722
v 1.59000000 0.33429350 1.66187278
v 1.59000000 0.40722573 2.07549204
v 1.59000000 0.43277427 1.64450796
v 1.59000000 0.50570650 2.05812722
v 1.27000000 0.20890803 1.90849229
v 1.27000000 0.37973742 2.29218138
v 1.27000000 0.30026258 1.86781862
v 1.27000000 0.47109197 2.25150771
v 1.59000000 0.20890803 1.90849229
v 1.59000000 0.37973742 2.29218138
v 1.59000000 0.30026258 1.86781862
v 1.59000000 0.47109197 2.25150771
v 1.27000000 0.02671238 2.14127005
v 1.27000000 0.29668318 2.46300871
v 1.27000000 0.10331682 2.07699129
v 1.27000000 0.37328762 2.39872995
v 1.59000000 0.02671238 2.14127005
v 1.59000000 0.29668318 2.46300871
v 1.59000000 0.10331682 2.07699129
v 1.59000000 0.37328762 2.39872995
v 1.27000000 -0.18205754 2.32402137
v 1.27000000 0.16613825 2.55888239
v 1.27000000 -0.12613825 2.24111761
v 1.27000000 0.22205754 2.47597863
v 1.59000000 -0.18205754 2.32402137
v 1.59000000 0.16613825 2.55888239
v 1.59000000 -0.12613825 2.24111761
v 1.59000000 0.22205754 2.47597863
v 1.27000000 0.40722573 -2.05549204
v 1.27000000 0.33429350 -1.64187278
v 1.27000000 0.50570650 -2.03812722
v 1.27000000 0.43277427 -1.62450796
v 1.59000000 0.40722573 -2.05549204
v 1.59000000 0.33429350 -1.64187278
v 1.59000000 0.50570650 -2.03812722
v 1.59000000 0.43277427 -1.62450796
v 1.27000000 0.37973742 -2.26218138
v 1.27000000 0.20890803 -1.87849229
v 1.27000000 0.47109197 -2.22150771
v 1.27000000 0.30026258 -1.83781862
v 1.59000000 0.37973742 -2.26218138
v 1.59000000 0.20890803 -1.87849229
v 1.59000000 0.47109197 -2.22150771
v 1.59000000 0.30026258 -1.83781862
v 1.27000000 0.29668318 -2.41300871
v 1.27000000 0.02671238 -2.09127005
v 1.27000000 0.37328762 -2.34872995
v 1.27000000 0.10331682 -2.02699129
v 1.59000000 0.29668318 -2.41300871
v 1.59000000 0.02671238 -2.09127005
v 1.59000000 0.37328762 -2.34872995
v 1.59000000 0.10331682 -2.02699129
v 1.27000000 0.18050431 -2.50388575
v 1.27000000 -0.15928283 -2.25701595
v 1.27000000 0.23928283 -2.42298405
v 1.27000000 -0.10050431 -2.17611425
v 1.59000000 0.18050431 -2.50388575
v 1.59000000 -0.15928283 -2.25701595
v 1.59000000 0.23928283 -2.42298405
v 1.59000000 -0.10050431 -2.17611425
v -1.02500000 0.53000000 -1.89000000
v -1.02500000 0.53000000 -0.77000000
v -1.02500000 0.71000000 -1.89000000
v -1.02500000 0.71000000 -0.77000000
v 1.02500000 0.53000000 -1.89000000
v 1.02500000 0.53000000 -0.77000000
v 1.02500000 0.71000000 -1.89000000
v 1.02500000 0.71000000 -0.77000000
v -1.27000000 0.04616255 2.22893656
v -1.27000000 0.09792635 2.42212173
v -1.27000000 0.16207365 2.19787827
v -1.27000000 0.21383745 2.39106344
v 1.27000000 0.04616255 2.22893656
v 1.27000000 0.09792635 2.42212173
v 1.27000000 0.16207365 2.19787827
v 1.27000000 0.21383745 2.39106344
v -0.91000000 0.52000000 -0.80000000
v -0.91000000 0.52000000 -0.44000000
v -0.91000000 0.64000000 -0.80000000
v -0.91000000 0.64000000 -0.44000000
v 0.91000000 0.52000000 -0.80000000
v 0.91000000 0.52000000 -0.44000000
v 0.91000000 0.64000000 -0.80000000
v 0.91000000 0.64000000 -0.44000000
v -1.60000000 0.48251920 1.95071694
v -1.60000000 0.50444708 2.02243979
v -1.60000000 0.52555292 1.93756021
v -1.60000000 0.54748080 2.00928306
v -1.26000000 0.48251920 1.95071694
v -1.26000000 0.50444708 2.02243979
v -1.26000000 0.52555292 1.93756021
v -1.26000000 0.54748080 2.00928306
v -1.60000000 0.36604695 2.16012138
v -1.60000000 0.40579089 2.22372499
v -1.60000000 0.40420911 2.13627501
v -1.60000000 0.44395305 2.19987862
v -1.26000000 0.36604695 2.16012138
v -1.26000000 0.40579089 2.22372499
v -1.26000000 0.40420911 2.13627501
v -1.26000000 0.44395305 2.19987862
v -1.60000000 0.19193706 2.33237875
v -1.60000000 0.24854028 2.38158318
v -1.60000000 0.22145972 2.29841682
v -1.60000000 0.27806294 2.34762125
v -1.26000000 0.19193706 2.33237875
v -1.26000000 0.24854028 2.38158318
v -1.26000000 0.22145972 2.29841682
v -1.26000000 0.27806294 2.34762125
v -1.60000000 0.50444708 -2.00243979
v -1.60000000 0.48251920 -1.93071694
v -1.60000000 0.54748080 -1.98928306
v -1.60000000 0.52555292 -1.91756021
v -1.26000000 0.50444708 -2.00243979
v -1.26000000 0.48251920 -1.93071694
v -1.26000000 0.54748080 -1.98928306
v -1.26000000 0.52555292 -1.91756021
v -1.60000000 0.41502766 -2.18373213
v -1.60000000 0.37639981 -2.11944458
v -1.60000000 0.45360019 -2.16055542
v -1.60000000 0.41497234 -2.09626787
v -1.26000000 0.41502766 -2.18373213
v -1.26000000 0.37639981 -2.11944458
v -1.26000000 0.45360019 -2.16055542
v -1.26000000 0.41497234 -2.09626787
v -1.60000000 0.26708080 -2.33203040
v -1.60000000 0.21222927 -2.28088052
v -1.60000000 0.29777073 -2.29911948
v -1.60000000 0.24291920 -2.24796960
v -1.26000000 0.26708080 -2.33203040
v -1.26000000 0.21222927 -2.28088052
v -1.26000000 0.29777073 -2.29911948
v -1.26000000 0.24291920 -2.24796960
v 1.26000000 0.48251920 1.95071694
v 1.26000000 0.50444708 2.02243979
v 1.26000000 0.52555292 1.93756021
v 1.26000000 0.54748080 2.00928306
v 1.60000000 0.48251920 1.95071694
v 1.60000000 0.50444708 2.02243979
v 1.60000000 0.52555292 1.93756021
v 1.60000000 0.54748080 2.00928306
v 1.26000000 0.36604695 2.16012138
v 1.26000000 0.40579089 2.22372499
v 1.26000000 0.40420911 2.13627501
v 1.26000000 0.44395305 2.19987862
v 1.60000000 0.36604695 2.16012138
v 1.60000000 0.40579089 2.22372499
v 1.60000000 0.40420911 2.13627501
v 1.60000000 0.44395305 2.19987862
v 1.26000000 0.19193706 2.33237875
v 1.26000000 0.24854028 2.38158318
v 1.26000000 0.22145972 2.29841682
v 1.26000000 0.27806294 2.34762125
v 1.60000000 0.19193706 2.33237875
v 1.60000000 0.24854028 2.38158318
v 1.60000000 0.22145972 2.29841682
v 1.60000000 0.27806294 2.34762125
v 1.26000000 0.50444708 -2.00243979
v 1.26000000 0.48251920 -1.93071694
v 1.26000000 0.54748080 -1.98928306
v 1.26000000 0.52555292 -1.91756021
v 1.60000000 0.50444708 -2.00243979
v 1.60000000 0.48251920 -1.93071694
v 1.60000000 0.54748080 -1.98928306
v 1.60000000 0.52555292 -1.91756021
v 1.26000000 0.41502766 -2.18373213
v 1.26000000 0.37639981 -2.11944458
v 1.26000000 0.45360019 -2.16055542
v 1.26000000 0.41497234 -2.09626787
v 1.60000000 0.41502766 -2.18373213
v 1.60000000 0.37639981 -2.11944458
v 1.60000000 0.45360019 -2.16055542
v 1.60000000 0.41497234 -2.09626787
v 1.26000000 0.26708080 -2.33203040
v 1.26000000 0.21222927 -2.28088052
v 1.26000000 0.29777073 -2.29911948
v 1.26000000 0.24291920 -2.24796960
v 1.60000000 0.26708080 -2.33203040
v 1.60000000 0.21222927 -2.28088052
v 1.60000000 0.29777073 -2.29911948
v 1.60000000 0.24291920 -2.24796960
vn 0.00000000 0.11588070 -0.99326314
vn 0.00000000 0.11588070 -0.99326314
vn 0.94914121 -0.08028899 -0.30444152
vn 0.95166119 -0.09272596 -0.29281883
vn 0.99326314 -0.11588070 0.00000000
vn 0.99326314 -0.11588070 0.00000000
vn 0.77267256 -0.40599198 0.48800372
vn 0.91921403 -0.17753447 0.35146419
vn 0.00000000 -0.57346234 0.81923192
vn 0.00000000 -0.57346234 0.81923192
vn -0.82819251 -0.20123625 0.52306896
vn -0.88757284 -0.31152066 0.33936608
vn -0.99326314 -0.11588070 0.00000000
vn -0.99326314 -0.11588070 -0.00000000
vn -0.94826880 -0.09095031 -0.30416169
vn -0.95257411 -0.08182367 -0.29309973
vn 0.00000000 -1.00000000 0.00000000
vn 0.00000000 1.00000000 -0.00000000
vn 0.00000000 -1.00000000 0.00000000
vn 0.00000000 1.00000000 0.00000000
vn -0.00000000 -1.00000000 0.00000000
vn 0.00000000 1.00000000 0.00000000
vn -0.00000000 -1.00000000 0.00000000
vn 0.00000000 1.00000000 0.00000000
vn -0.00000000 -1.00000000 -0.00000000
vn -0.00000000 1.00000000 0.00000000
vn 0.00000000 -1.00000000 -0.00000000
vn -0.00000000 1.00000000 0.00000000
vn 0.00000000 -1.00000000 0.00000000
vn -0.00000000 1.00000000 0.00000000
vn 0.00000000 -1.00000000 0.00000000
vn 0.00000000 1.00000000 -0.00000000
vn 0.00000000 0.43627351 -0.89981411
vn 0.00000000 0.43627351 -0.89981411
vn 0.93052675 0.36093159 -0.06203512
vn 0.92699159 0.36919146 -0.06621369
vn 0.89981411 0.43627351 0.00000000
vn 0.94140361 0.33695872 0.01476712
vn 0.67614394 0.68961630 0.25934288
vn 0.69301862 0.64929141 0.31328239
vn -0.00000000 0.70710678 0.70710678
vn 0.00000000 0.70710678 0.70710678
vn -0.72523664 0.62980284 0.27817296
vn -0.64698048 0.70418548 0.29247063
vn -0.93979342 0.34174306 0.00000000
vn -0.89414787 0.44755209 0.01402585
vn -0.92798545 0.36744474 -0.06186570
vn -0.92972050 0.36222877 -0.06640861
vn 0.00000000 0.71860214 -0.69542143
vn 0.00000000 0.71860214 -0.69542143
vn 0.82330154 0.56454963 -0.05880725
vn 0.76508175 0.63648290 -0.09767001
vn 0.78255342 0.62246242 0.01227535
vn 0.85671545 0.51435014 0.03850407
vn 0.48252988 0.84828312 0.21812994
vn 0.48070641 0.83856563 0.25637675
vn -0.00000000 0.91491780 0.40364021
vn 0.00000000 0.91491780 0.40364021
vn -0.51641413 0.82390456 0.23344748
vn -0.44470051 0.86370721 0.23717360
vn -0.84913062 0.52801495 0.01331970
vn -0.76184444 0.64685444 0.03424020
vn -0.78961180 0.61100913 -0.05640084
vn -0.80458210 0.58489124 -0.10271261
vn 0.00000000 -1.00000000 0.00000000
vn 0.00000000 1.00000000 -0.00000000
vn 0.00000000 -1.00000000 0.00000000
vn 0.00000000 1.00000000 0.00000000
vn -0.00000000 -1.00000000 0.00000000
vn 0.00000000 1.00000000 0.00000000
vn -0.00000000 -1.00000000 0.00000000
vn 0.00000000 1.00000000 0.00000000
vn -0.00000000 -1.00000000 -0.00000000
vn -0.00000000 1.00000000 0.00000000
vn 0.00000000 -1.00000000 -0.00000000
vn -0.00000000 1.00000000 0.00000000
vn 0.00000000 -1.00000000 0.00000000
vn -0.00000000 1.00000000 0.00000000
vn 0.00000000 -1.00000000 0.00000000
vn 0.00000000 1.00000000 -0.00000000
vn -1.00000000 0.00000000 -0.00000000
vn -0.00000000 -1.00000000 -0.00000000
vn -1.00000000 0.00000000 0.00000000
vn -0.00000000 -0.00000000 -1.00000000
vn 0.00000000 -0.00000000 1.00000000
vn -0.00000000 -1.00000000 -0.00000000
vn 0.00000000 -0.00000000 1.00000000
vn -0.00000000 1.00000000 0.00000000
vn -0.00000000 -0.00000000 -1.00000000
vn -0.00000000 1.00000000 0.00000000
vn 1.00000000 0.00000000 0.00000000
vn 1.00000000 0.00000000 0.00000000
vn -1.00000000 0.00000000 -0.00000000
vn 0.00000000 -0.98480775 0.17364818
vn -1.00000000 0.00000000 -0.00000000
vn -0.00000000 -0.17364818 -0.98480775
vn 0.00000000 0.17364818 0.98480775
vn 0.00000000 -0.98480775 0.17364818
vn 0.00000000 0.17364818 0.98480775
vn 0.00000000 0.98480775 -0.17364818
vn 0.00000000 -0.17364818 -0.98480775
vn 0.00000000 0.98480775 -0.17364818
vn 1.00000000 0.00000000 0.00000000
vn 1.00000000 0.00000000 0.00000000
vn -1.00000000 0.00000000 -0.00000000
vn 0.00000000 -0.91354546 0.40673664
vn -1.00000000 0.00000000 -0.00000000
vn -0.00000000 -0.40673664 -0.91354546
vn 0.00000000 0.40673664 0.91354546
vn 0.00000000 -0.91354546 0.40673664
vn 0.00000000 0.40673664 0.91354546
vn 0.00000000 0.91354546 -0.40673664
vn 0.00000000 -0.40673664 -0.91354546
vn 0.00000000 0.91354546 -0.40673664
vn 1.00000000 0.00000000 -0.00000000
vn 1.00000000 0.00000000 0.00000000
vn -1.00000000 0.00000000 -0.00000000
vn 0.00000000 -0.76604444 0.64278761
vn -1.00000000 0.00000000 -0.00000000
vn -0.00000000 -0.64278761 -0.76604444
vn 0.00000000 0.64278761 0.76604444
vn 0.00000000 -0.76604444 0.64278761
vn 0.00000000 0.64278761 0.76604444
vn 0.00000000 0.76604444 -0.64278761
vn 0.00000000 -0.64278761 -0.76604444
vn 0.00000000 0.76604444 -0.64278761
vn 1.00000000 0.00000000 -0.00000000
vn 1.00000000 0.00000000 0.00000000
vn -1.00000000 0.00000000 -0.00000000
vn 0.00000000 -0.55919290 0.82903757
vn -1.00000000 0.00000000 -0.00000000
vn -0.00000000 -0.82903757 -0.55919290
vn 0.00000000 0.82903757 0.55919290
vn 0.00000000 -0.55919290 0.82903757
vn 0.00000000 0.82903757 0.55919290
vn 0.00000000 0.55919290 -0.82903757
vn 0.00000000 -0.82903757 -0.55919290
vn 0.00000000 0.55919290 -0.82903757
vn 1.00000000 0.00000000 -0.00000000
vn 1.00000000 0.00000000 0.00000000
vn -1.00000000 0.00000000 -0.00000000
vn 0.00000000 -0.98480775 -0.17364818
vn -1.00000000 0.00000000 0.00000000
vn 0.00000000 0.17364818 -0.98480775
vn 0.00000000 -0.17364818 0.98480775
vn -0.00000000 -0.98480775 -0.17364818
vn 0.00000000 -0.17364818 0.98480775
vn -0.00000000 0.98480775 0.17364818
vn 0.00000000 0.17364818 -0.98480775
vn 0.00000000 0.98480775 0.17364818
vn 1.00000000 0.00000000 0.00000000
vn 1.00000000 0.00000000 0.00000000
vn -1.00000000 0.00000000 0.00000000
vn 0.00000000 -0.91354546 -0.40673664
vn -1.00000000 0.00000000 0.00000000
vn 0.00000000 0.40673664 -0.91354546
vn 0.00000000 -0.40673664 0.91354546
vn -0.00000000 -0.91354546 -0.40673664
vn 0.00000000 -0.40673664 0.91354546
vn -0.00000000 0.91354546 0.40673664
vn 0.00000000 0.40673664 -0.91354546
vn 0.00000000 0.91354546 0.40673664
vn 1.00000000 0.00000000 0.00000000
vn 1.00000000 0.00000000 0.00000000
vn -1.00000000 0.00000000 0.00000000
vn 0.00000000 -0.76604444 -0.64278761
vn -1.00000000 0.00000000 0.00000000
vn 0.00000000 0.64278761 -0.76604444
vn 0.00000000 -0.64278761 0.76604444
vn -0.00000000 -0.76604444 -0.64278761
vn 0.00000000 -0.64278761 0.76604444
vn -0.00000000 0.76604444 0.64278761
vn 0.00000000 0.64278761 -0.76604444
vn 0.00000000 0.76604444 0.64278761
vn 1.00000000 0.00000000 0.00000000
vn 1.00000000 0.00000000 0.00000000
vn -1.00000000 0.00000000 0.00000000
vn 0.00000000 -0.58778525 -0.80901699
vn -1.00000000 0.00000000 0.00000000
vn 0.00000000 0.80901699 -0.58778525
vn 0.00000000 -0.80901699 0.58778525
vn -0.00000000 -0.58778525 -0.80901699
vn 0.00000000 -0.80901699 0.58778525
vn -0.00000000 0.58778525 0.80901699
vn 0.00000000 0.80901699 -0.58778525
vn 0.00000000 0.58778525 0.80901699
vn 1.00000000 0.00000000 0.00000000
vn 1.00000000 0.00000000 0.00000000
vn -1.00000000 0.00000000 -0.00000000
vn -0.00000000 -1.00000000 -0.00000000
vn -1.00000000 0.00000000 0.00000000
vn -0.00000000 -0.00000000 -1.00000000
vn 0.00000000 -0.00000000 1.00000000
vn -0.00000000 -1.00000000 -0.00000000
vn 0.00000000 -0.00000000 1.00000000
vn -0.00000000 1.00000000 0.00000000
vn -0.00000000 -0.00000000 -1.00000000
vn -0.00000000 1.00000000 0.00000000
vn 1.00000000 0.00000000 0.00000000
vn 1.00000000 0.00000000 0.00000000
vn -1.00000000 0.00000000 -0.00000000
vn 0.00000000 -0.98480775 0.17364818
vn -1.00000000 0.00000000 -0.00000000
vn -0.00000000 -0.17364818 -0.98480775
vn 0.00000000 0.17364818 0.98480775
vn 0.00000000 -0.98480775 0.17364818
vn 0.00000000 0.17364818 0.98480775
vn 0.00000000 0.98480775 -0.17364818
vn 0.00000000 -0.17364818 -0.98480775
vn 0.00000000 0.98480775 -0.17364818
vn 1.00000000 0.00000000 0.00000000
vn 1.00000000 0.00000000 0.00000000
vn -1.00000000 0.00000000 -0.00000000
vn 0.00000000 -0.91354546 0.40673664
vn -1.00000000 0.00000000 -0.00000000
vn -0.00000000 -0.40673664 -0.91354546
vn 0.00000000 0.40673664 0.91354546
vn 0.00000000 -0.91354546 0.40673664
vn 0.00000000 0.40673664 0.91354546
vn 0.00000000 0.91354546 -0.40673664
vn 0.00000000 -0.40673664 -0.91354546
vn 0.00000000 0.91354546 -0.40673664
vn 1.00000000 0.00000000 -0.00000000
vn 1.00000000 0.00000000 0.00000000
vn -1.00000000 0.00000000 -0.00000000
vn 0.00000000 -0.76604444 0.64278761
vn -1.00000000 0.00000000 -0.00000000
vn -0.00000000 -0.64278761 -0.76604444
vn 0.00000000 0.64278761 0.76604444
vn 0.00000000 -0.76604444 0.64278761
vn 0.00000000 0.64278761 0.76604444
vn 0.00000000 0.76604444 -0.64278761
vn 0.00000000 -0.64278761 -0.76604444
vn 0.00000000 0.76604444 -0.64278761
vn 1.00000000 0.00000000 -0.00000000
vn 1.00000000 0.00000000 0.00000000
vn -1.00000000 0.00000000 -0.00000000
vn 0.00000000 -0.55919290 0.82903757
vn -1.00000000 0.00000000 -0.00000000
vn -0.00000000 -0.82903757 -0.55919290
vn 0.00000000 0.82903757 0.55919290
vn 0.00000000 -0.55919290 0.82903757
vn 0.00000000 0.82903757 0.55919290
vn 0.00000000 0.55919290 -0.82903757
vn 0.00000000 -0.82903757 -0.55919290
vn 0.00000000 0.55919290 -0.82903757
vn 1.00000000 0.00000000 -0.00000000
vn 1.00000000 0.00000000 0.00000000
vn -1.00000000 0.00000000 -0.00000000
vn 0.00000000 -0.98480775 -0.17364818
vn -1.00000000 0.00000000 0.00000000
vn 0.00000000 0.17364818 -0.98480775
vn 0.00000000 -0.17364818 0.98480775
vn -0.00000000 -0.98480775 -0.17364818
vn 0.00000000 -0.17364818 0.98480775
vn -0.00000000 0.98480775 0.17364818
vn 0.00000000 0.17364818 -0.98480775
vn 0.00000000 0.98480775 0.17364818
vn 1.00000000 0.00000000 0.00000000
vn 1.00000000 0.00000000 0.00000000
vn -1.00000000 0.00000000 0.00000000
vn 0.00000000 -0.91354546 -0.40673664
vn -1.00000000 0.00000000 0.00000000
vn 0.00000000 0.40673664 -0.91354546
vn 0.00000000 -0.40673664 0.91354546
vn -0.00000000 -0.91354546 -0.40673664
vn 0.00000000 -0.40673664 0.91354546
vn -0.00000000 0.91354546 0.40673664
vn 0.00000000 0.40673664 -0.91354546
vn 0.00000000 0.91354546 0.40673664
vn 1.00000000 0.00000000 0.00000000
vn 1.00000000 0.00000000 0.00000000
vn -1.00000000 0.00000000 0.00000000
vn 0.00000000 -0.76604444 -0.64278761
vn -1.00000000 0.00000000 0.00000000
vn 0.00000000 0.64278761 -0.76604444
vn 0.00000000 -0.64278761 0.76604444
vn -0.00000000 -0.76604444 -0.64278761
vn 0.00000000 -0.64278761 0.76604444
vn -0.00000000 0.76604444 0.64278761
vn 0.00000000 0.64278761 -0.76604444
vn 0.00000000 0.76604444 0.64278761
vn 1.00000000 0.00000000 0.00000000
vn 1.00000000 0.00000000 0.00000000
vn -1.00000000 0.00000000 0.00000000
vn 0.00000000 -0.58778525 -0.80901699
vn -1.00000000 0.00000000 0.00000000
vn 0.00000000 0.80901699 -0.58778525
vn 0.00000000 -0.80901699 0.58778525
vn -0.00000000 -0.58778525 -0.80901699
vn 0.00000000 -0.80901699 0.58778525
vn -0.00000000 0.58778525 0.80901699
vn 0.00000000 0.80901699 -0.58778525
vn 0.00000000 0.58778525 0.80901699
vn 1.00000000 0.00000000 0.00000000
vn 1.00000000 0.00000000 0.00000000
vn -1.00000000 0.00000000 -0.00000000
vn -0.00000000 -1.00000000 -0.00000000
vn -1.00000000 0.00000000 0.00000000
vn -0.00000000 -0.00000000 -1.00000000
vn 0.00000000 -0.00000000 1.00000000
vn -0.00000000 -1.00000000 -0.00000000
vn 0.00000000 -0.00000000 1.00000000
vn -0.00000000 1.00000000 0.00000000
vn -0.00000000 -0.00000000 -1.00000000
vn -0.00000000 1.00000000 0.00000000
vn 1.00000000 0.00000000 0.00000000
vn 1.00000000 0.00000000 0.00000000
vn -1.00000000 0.00000000 -0.00000000
vn 0.00000000 -0.96592583 0.25881905
vn -1.00000000 0.00000000 -0.00000000
vn -0.00000000 -0.25881905 -0.96592583
vn 0.00000000 0.25881905 0.96592583
vn 0.00000000 -0.96592583 0.25881905
vn 0.00000000 0.25881905 0.96592583
vn 0.00000000 0.96592583 -0.25881905
vn 0.00000000 -0.25881905 -0.96592583
vn 0.00000000 0.96592583 -0.25881905
vn 1.00000000 0.00000000 0.00000000
vn 1.00000000 0.00000000 0.00000000
vn -1.00000000 0.00000000 -0.00000000
vn -0.00000000 -1.00000000 -0.00000000
vn -1.00000000 0.00000000 0.00000000
vn -0.00000000 -0.00000000 -1.00000000
vn 0.00000000 -0.00000000 1.00000000
vn -0.00000000 -1.00000000 -0.00000000
vn 0.00000000 -0.00000000 1.00000000
vn -0.00000000 1.00000000 0.00000000
vn -0.00000000 -0.00000000 -1.00000000
vn -0.00000000 1.00000000 0.00000000
vn 1.00000000 0.00000000 0.00000000
vn 1.00000000 0.00000000 0.00000000
vn -1.00000000 0.00000000 -0.00000000
vn 0.00000000 -0.95630476 0.29237170
vn -1.00000000 0.00000000 -0.00000000
vn -0.00000000 -0.29237170 -0.95630476
vn 0.00000000 0.29237170 0.95630476
vn 0.00000000 -0.95630476 0.29237170
vn 0.00000000 0.29237170 0.95630476
vn 0.00000000 0.95630476 -0.29237170
vn 0.00000000 -0.29237170 -0.95630476
vn 0.00000000 0.95630476 -0.29237170
vn 1.00000000 0.00000000 0.00000000
vn 1.00000000 0.00000000 0.00000000
vn -1.00000000 0.00000000 -0.00000000
vn 0.00000000 -0.84804810 0.52991926
vn -1.00000000 0.00000000 -0.00000000
vn -0.00000000 -0.52991926 -0.84804810
vn 0.00000000 0.52991926 0.84804810
vn 0.00000000 -0.84804810 0.52991926
vn 0.00000000 0.52991926 0.84804810
vn 0.00000000 0.84804810 -0.52991926
vn 0.00000000 -0.52991926 -0.84804810
vn 0.00000000 0.84804810 -0.52991926
vn 1.00000000 0.00000000 -0.00000000
vn 1.00000000 0.00000000 0.00000000
vn -1.00000000 0.00000000 -0.00000000
vn 0.00000000 -0.65605903 0.75470958
vn -1.00000000 0.00000000 -0.00000000
vn -0.00000000 -0.75470958 -0.65605903
vn 0.00000000 0.75470958 0.65605903
vn 0.00000000 -0.65605903 0.75470958
vn 0.00000000 0.75470958 0.65605903
vn 0.00000000 0.65605903 -0.75470958
vn 0.00000000 -0.75470958 -0.65605903
vn 0.00000000 0.65605903 -0.75470958
vn 1.00000000 0.00000000 -0.00000000
vn 1.00000000 0.00000000 0.00000000
vn -1.00000000 0.00000000 -0.00000000
vn 0.00000000 -0.95630476 -0.29237170
vn -1.00000000 0.00000000 0.00000000
vn 0.00000000 0.29237170 -0.95630476
vn 0.00000000 -0.29237170 0.95630476
vn -0.00000000 -0.95630476 -0.29237170
vn 0.00000000 -0.29237170 0.95630476
vn -0.00000000 0.95630476 0.29237170
vn 0.00000000 0.29237170 -0.95630476
vn 0.00000000 0.95630476 0.29237170
vn 1.00000000 0.00000000 0.00000000
vn 1.00000000 0.00000000 0.00000000
vn -1.00000000 0.00000000 0.00000000
vn 0.00000000 -0.85716730 -0.51503807
vn -1.00000000 0.00000000 0.00000000
vn 0.00000000 0.51503807 -0.85716730
vn 0.00000000 -0.51503807 0.85716730
vn -0.00000000 -0.85716730 -0.51503807
vn 0.00000000 -0.51503807 0.85716730
vn -0.00000000 0.85716730 0.51503807
vn 0.00000000 0.51503807 -0.85716730
vn 0.00000000 0.85716730 0.51503807
vn 1.00000000 0.00000000 0.00000000
vn 1.00000000 0.00000000 0.00000000
vn -1.00000000 0.00000000 0.00000000
vn 0.00000000 -0.68199836 -0.73135370
vn -1.00000000 0.00000000 0.00000000
vn 0.00000000 0.73135370 -0.68199836
vn 0.00000000 -0.73135370 0.68199836
vn -0.00000000 -0.68199836 -0.73135370
vn 0.00000000 -0.73135370 0.68199836
vn -0.00000000 0.68199836 0.73135370
vn 0.00000000 0.73135370 -0.68199836
vn 0.00000000 0.68199836 0.73135370
vn 1.00000000 0.00000000 0.00000000
vn 1.00000000 0.00000000 0.00000000
vn -1.00000000 0.00000000 -0.00000000
vn 0.00000000 -0.95630476 0.29237170
vn -1.00000000 0.00000000 -0.00000000
vn -0.00000000 -0.29237170 -0.95630476
vn 0.00000000 0.29237170 0.95630476
vn 0.00000000 -0.95630476 0.29237170
vn 0.00000000 0.29237170 0.95630476
vn 0.00000000 0.95630476 -0.29237170
vn 0.00000000 -0.29237170 -0.95630476
vn 0.00000000 0.95630476 -0.29237170
vn 1.00000000 0.00000000 0.00000000
vn 1.00000000 0.00000000 0.00000000
vn -1.00000000 0.00000000 -0.00000000
vn 0.00000000 -0.84804810 0.52991926
vn -1.00000000 0.00000000 -0.00000000
vn -0.00000000 -0.52991926 -0.84804810
vn 0.00000000 0.52991926 0.84804810
vn 0.00000000 -0.84804810 0.52991926
vn 0.00000000 0.52991926 0.84804810
vn 0.00000000 0.84804810 -0.52991926
vn 0.00000000 -0.52991926 -0.84804810
vn 0.00000000 0.84804810 -0.52991926
vn 1.00000000 0.00000000 -0.00000000
vn 1.00000000 0.00000000 0.00000000
vn -1.00000000 0.00000000 -0.00000000
vn 0.00000000 -0.65605903 0.75470958
vn -1.00000000 0.00000000 -0.00000000
vn -0.00000000 -0.75470958 -0.65605903
vn 0.00000000 0.75470958 0.65605903
vn 0.00000000 -0.65605903 0.75470958
vn 0.00000000 0.75470958 0.65605903
vn 0.00000000 0.65605903 -0.75470958
vn 0.00000000 -0.75470958 -0.65605903
vn 0.00000000 0.65605903 -0.75470958
vn 1.00000000 0.00000000 -0.00000000
vn 1.00000000 0.00000000 0.00000000
vn -1.00000000 0.00000000 -0.00000000
vn 0.00000000 -0.95630476 -0.29237170
vn -1.00000000 0.00000000 0.00000000
vn 0.00000000 0.29237170 -0.95630476
vn 0.00000000 -0.29237170 0.95630476
vn -0.00000000 -0.95630476 -0.29237170
vn 0.00000000 -0.29237170 0.95630476
vn -0.00000000 0.95630476 0.29237170
vn 0.00000000 0.29237170 -0.95630476
vn 0.00000000 0.95630476 0.29237170
vn 1.00000000 0.00000000 0.00000000
vn 1.00000000 0.00000000 0.00000000
vn -1.00000000 0.00000000 0.00000000
vn 0.00000000 -0.85716730 -0.51503807
vn -1.00000000 0.00000000 0.00000000
vn 0.00000000 0.51503807 -0.85716730
vn 0.00000000 -0.51503807 0.85716730
vn -0.00000000 -0.85716730 -0.51503807
vn 0.00000000 -0.51503807 0.85716730
vn -0.00000000 0.85716730 0.51503807
vn 0.00000000 0.51503807 -0.85716730
vn 0.00000000 0.85716730 0.51503807
vn 1.00000000 0.00000000 0.00000000
vn 1.00000000 0.00000000 0.00000000
vn -1.00000000 0.00000000 0.00000000
vn 0.00000000 -0.68199836 -0.73135370
vn -1.00000000 0.00000000 0.00000000
vn 0.00000000 0.73135370 -0.68199836
vn 0.00000000 -0.73135370 0.68199836
vn -0.00000000 -0.68199836 -0.73135370
vn 0.00000000 -0.73135370 0.68199836
vn -0.00000000 0.68199836 0.73135370
vn 0.00000000 0.73135370 -0.68199836
vn 0.00000000 0.68199836 0.73135370
vn 1.00000000 0.00000000 0.00000000
vn 1.00000000 0.00000000 0.00000000
# piece Hull_Secondary palette=Secondary
v -0.84000000 0.70000000 -1.72000000
v -0.84000000 0.70000000 -0.96000000
v -0.84000000 0.76000000 -1.72000000
v -0.84000000 0.76000000 -0.96000000
v -0.60000000 0.70000000 -1.72000000
v -0.60000000 0.70000000 -0.96000000
v -0.60000000 0.76000000 -1.72000000
v -0.60000000 0.76000000 -0.96000000
v -0.48000000 0.70000000 -1.72000000
v -0.48000000 0.70000000 -0.96000000
v -0.48000000 0.76000000 -1.72000000
v -0.48000000 0.76000000 -0.96000000
v -0.24000000 0.70000000 -1.72000000
v -0.24000000 0.70000000 -0.96000000
v -0.24000000 0.76000000 -1.72000000
v -0.24000000 0.76000000 -0.96000000
v -0.12000000 0.70000000 -1.72000000
v -0.12000000 0.70000000 -0.96000000
v -0.12000000 0.76000000 -1.72000000
v -0.12000000 0.76000000 -0.96000000
v 0.12000000 0.70000000 -1.72000000
v 0.12000000 0.70000000 -0.96000000
v 0.12000000 0.76000000 -1.72000000
v 0.12000000 0.76000000 -0.96000000
v 0.24000000 0.70000000 -1.72000000
v 0.24000000 0.70000000 -0.96000000
v 0.24000000 0.76000000 -1.72000000
v 0.24000000 0.76000000 -0.96000000
v 0.48000000 0.70000000 -1.72000000
v 0.48000000 0.70000000 -0.96000000
v 0.48000000 0.76000000 -1.72000000
v 0.48000000 0.76000000 -0.96000000
v 0.60000000 0.70000000 -1.72000000
v 0.60000000 0.70000000 -0.96000000
v 0.60000000 0.76000000 -1.72000000
v 0.60000000 0.76000000 -0.96000000
v 0.84000000 0.70000000 -1.72000000
v 0.84000000 0.70000000 -0.96000000
v 0.84000000 0.76000000 -1.72000000
v 0.84000000 0.76000000 -0.96000000
v -1.10000000 0.66000000 -2.03000000
v -0.92000000 0.66000000 -2.03000000
v -0.92000000 0.66000000 -1.21000000
v -1.10000000 0.66000000 -1.21000000
v -0.94411543 0.75000000 -2.03000000
v -0.94411543 0.75000000 -1.21000000
v -1.01000000 0.81588457 -2.03000000
v -1.01000000 0.81588457 -1.21000000
v -1.10000000 0.84000000 -2.03000000
v -1.10000000 0.84000000 -1.21000000
v -1.19000000 0.81588457 -2.03000000
v -1.19000000 0.81588457 -1.21000000
v -1.25588457 0.75000000 -2.03000000
v -1.25588457 0.75000000 -1.21000000
v -1.28000000 0.66000000 -2.03000000
v -1.28000000 0.66000000 -1.21000000
v -1.25588457 0.57000000 -2.03000000
v -1.25588457 0.57000000 -1.21000000
v -1.19000000 0.50411543 -2.03000000
v -1.19000000 0.50411543 -1.21000000
v -1.10000000 0.48000000 -2.03000000
v -1.10000000 0.48000000 -1.21000000
v -1.01000000 0.50411543 -2.03000000
v -1.01000000 0.50411543 -1.21000000
v -0.94411543 0.57000000 -2.03000000
v -0.94411543 0.57000000 -1.21000000
v -1.10000000 0.66000000 -1.88250000
v -0.89500000 0.66000000 -1.88250000
v -0.89500000 0.66000000 -1.83750000
v -1.10000000 0.66000000 -1.83750000
v -0.92246479 0.76250000 -1.88250000
v -0.92246479 0.76250000 -1.83750000
v -0.99750000 0.83753521 -1.88250000
v -0.99750000 0.83753521 -1.83750000
v -1.10000000 0.86500000 -1.88250000
v -1.10000000 0.86500000 -1.83750000
v -1.20250000 0.83753521 -1.88250000
v -1.20250000 0.83753521 -1.83750000
v -1.27753521 0.76250000 -1.88250000
v -1.27753521 0.76250000 -1.83750000
v -1.30500000 0.66000000 -1.88250000
v -1.30500000 0.66000000 -1.83750000
v -1.27753521 0.55750000 -1.88250000
v -1.27753521 0.55750000 -1.83750000
v -1.20250000 0.48246479 -1.88250000
v -1.20250000 0.48246479 -1.83750000
v -1.10000000 0.45500000 -1.88250000
v -1.10000000 0.45500000 -1.83750000
v -0.99750000 0.48246479 -1.88250000
v -0.99750000 0.48246479 -1.83750000
v -0.92246479 0.55750000 -1.88250000
v -0.92246479 0.55750000 -1.83750000
v -1.10000000 0.66000000 -1.64250000
v -0.89500000 0.66000000 -1.64250000
v -0.89500000 0.66000000 -1.59750000
v -1.10000000 0.66000000 -1.59750000
v -0.92246479 0.76250000 -1.64250000
v -0.92246479 0.76250000 -1.59750000
v -0.99750000 0.83753521 -1.64250000
v -0.99750000 0.83753521 -1.59750000
v -1.10000000 0.86500000 -1.64250000
v -1.10000000 0.86500000 -1.59750000
v -1.20250000 0.83753521 -1.64250000
v -1.20250000 0.83753521 -1.59750000
v -1.27753521 0.76250000 -1.64250000
v -1.27753521 0.76250000 -1.59750000
v -1.30500000 0.66000000 -1.64250000
v -1.30500000 0.66000000 -1.59750000
v -1.27753521 0.55750000 -1.64250000
v -1.27753521 0.55750000 -1.59750000
v -1.20250000 0.48246479 -1.64250000
v -1.20250000 0.48246479 -1.59750000
v -1.10000000 0.45500000 -1.64250000
v -1.10000000 0.45500000 -1.59750000
v -0.99750000 0.48246479 -1.64250000
v -0.99750000 0.48246479 -1.59750000
v -0.92246479 0.55750000 -1.64250000
v -0.92246479 0.55750000 -1.59750000
v -1.10000000 0.66000000 -1.40250000
v -0.89500000 0.66000000 -1.40250000
v -0.89500000 0.66000000 -1.35750000
v -1.10000000 0.66000000 -1.35750000
v -0.92246479 0.76250000 -1.40250000
v -0.92246479 0.76250000 -1.35750000
v -0.99750000 0.83753521 -1.40250000
v -0.99750000 0.83753521 -1.35750000
v -1.10000000 0.86500000 -1.40250000
v -1.10000000 0.86500000 -1.35750000
v -1.20250000 0.83753521 -1.40250000
v -1.20250000 0.83753521 -1.35750000
v -1.27753521 0.76250000 -1.40250000
v -1.27753521 0.76250000 -1.35750000
v -1.30500000 0.66000000 -1.40250000
v -1.30500000 0.66000000 -1.35750000
v -1.27753521 0.55750000 -1.40250000
v -1.27753521 0.55750000 -1.35750000
v -1.20250000 0.48246479 -1.40250000
v -1.20250000 0.48246479 -1.35750000
v -1.10000000 0.45500000 -1.40250000
v -1.10000000 0.45500000 -1.35750000
v -0.99750000 0.48246479 -1.40250000
v -0.99750000 0.48246479 -1.35750000
v -0.92246479 0.55750000 -1.40250000
v -0.92246479 0.55750000 -1.35750000
v 1.10000000 0.66000000 -2.03000000
v 1.28000000 0.66000000 -2.03000000
v 1.28000000 0.66000000 -1.21000000
v 1.10000000 0.66000000 -1.21000000
v 1.25588457 0.75000000 -2.03000000
v 1.25588457 0.75000000 -1.21000000
v 1.19000000 0.81588457 -2.03000000
v 1.19000000 0.81588457 -1.21000000
v 1.10000000 0.84000000 -2.03000000
v 1.10000000 0.84000000 -1.21000000
v 1.01000000 0.81588457 -2.03000000
v 1.01000000 0.81588457 -1.21000000
v 0.94411543 0.75000000 -2.03000000
v 0.94411543 0.75000000 -1.21000000
v 0.92000000 0.66000000 -2.03000000
v 0.92000000 0.66000000 -1.21000000
v 0.94411543 0.57000000 -2.03000000
v 0.94411543 0.57000000 -1.21000000
v 1.01000000 0.50411543 -2.03000000
v 1.01000000 0.50411543 -1.21000000
v 1.10000000 0.48000000 -2.03000000
v 1.10000000 0.48000000 -1.21000000
v 1.19000000 0.50411543 -2.03000000
v 1.19000000 0.50411543 -1.21000000
v 1.25588457 0.57000000 -2.03000000
v 1.25588457 0.57000000 -1.21000000
v 1.10000000 0.66000000 -1.88250000
v 1.30500000 0.66000000 -1.88250000
v 1.30500000 0.66000000 -1.83750000
v 1.10000000 0.66000000 -1.83750000
v 1.27753521 0.76250000 -1.88250000
v 1.27753521 0.76250000 -1.83750000
v 1.20250000 0.83753521 -1.88250000
v 1.20250000 0.83753521 -1.83750000
v 1.10000000 0.86500000 -1.88250000
v 1.10000000 0.86500000 -1.83750000
v 0.99750000 0.83753521 -1.88250000
v 0.99750000 0.83753521 -1.83750000
v 0.92246479 0.76250000 -1.88250000
v 0.92246479 0.76250000 -1.83750000
v 0.89500000 0.66000000 -1.88250000
v 0.89500000 0.66000000 -1.83750000
v 0.92246479 0.55750000 -1.88250000
v 0.92246479 0.55750000 -1.83750000
v 0.99750000 0.48246479 -1.88250000
v 0.99750000 0.48246479 -1.83750000
v 1.10000000 0.45500000 -1.88250000
v 1.10000000 0.45500000 -1.83750000
v 1.20250000 0.48246479 -1.88250000
v 1.20250000 0.48246479 -1.83750000
v 1.27753521 0.55750000 -1.88250000
v 1.27753521 0.55750000 -1.83750000
v 1.10000000 0.66000000 -1.64250000
v 1.30500000 0.66000000 -1.64250000
v 1.30500000 0.66000000 -1.59750000
v 1.10000000 0.66000000 -1.59750000
v 1.27753521 0.76250000 -1.64250000
v 1.27753521 0.76250000 -1.59750000
v 1.20250000 0.83753521 -1.64250000
v 1.20250000 0.83753521 -1.59750000
v 1.10000000 0.86500000 -1.64250000
v 1.10000000 0.86500000 -1.59750000
v 0.99750000 0.83753521 -1.64250000
v 0.99750000 0.83753521 -1.59750000
v 0.92246479 0.76250000 -1.64250000
v 0.92246479 0.76250000 -1.59750000
v 0.89500000 0.66000000 -1.64250000
v 0.89500000 0.66000000 -1.59750000
v 0.92246479 0.55750000 -1.64250000
v 0.92246479 0.55750000 -1.59750000
v 0.99750000 0.48246479 -1.64250000
v 0.99750000 0.48246479 -1.59750000
v 1.10000000 0.45500000 -1.64250000
v 1.10000000 0.45500000 -1.59750000
v 1.20250000 0.48246479 -1.64250000
v 1.20250000 0.48246479 -1.59750000
v 1.27753521 0.55750000 -1.64250000
v 1.27753521 0.55750000 -1.59750000
v 1.10000000 0.66000000 -1.40250000
v 1.30500000 0.66000000 -1.40250000
v 1.30500000 0.66000000 -1.35750000
v 1.10000000 0.66000000 -1.35750000
v 1.27753521 0.76250000 -1.40250000
v 1.27753521 0.76250000 -1.35750000
v 1.20250000 0.83753521 -1.40250000
v 1.20250000 0.83753521 -1.35750000
v 1.10000000 0.86500000 -1.40250000
v 1.10000000 0.86500000 -1.35750000
v 0.99750000 0.83753521 -1.40250000
v 0.99750000 0.83753521 -1.35750000
v 0.92246479 0.76250000 -1.40250000
v 0.92246479 0.76250000 -1.35750000
v 0.89500000 0.66000000 -1.40250000
v 0.89500000 0.66000000 -1.35750000
v 0.92246479 0.55750000 -1.40250000
v 0.92246479 0.55750000 -1.35750000
v 0.99750000 0.48246479 -1.40250000
v 0.99750000 0.48246479 -1.35750000
v 1.10000000 0.45500000 -1.40250000
v 1.10000000 0.45500000 -1.35750000
v 1.20250000 0.48246479 -1.40250000
v 1.20250000 0.48246479 -1.35750000
v 1.27753521 0.55750000 -1.40250000
v 1.27753521 0.55750000 -1.35750000
v 0.82000000 0.72000000 -2.12000000
v 0.93000000 0.72000000 -2.12000000
v 0.93000000 0.72000000 -1.36000000
v 0.82000000 0.72000000 -1.36000000
v 0.90899187 0.78465638 -2.12000000
v 0.90899187 0.78465638 -1.36000000
v 0.85399187 0.82461622 -2.12000000
v 0.85399187 0.82461622 -1.36000000
v 0.78600813 0.82461622 -2.12000000
v 0.78600813 0.82461622 -1.36000000
v 0.73100813 0.78465638 -2.12000000
v 0.73100813 0.78465638 -1.36000000
v 0.71000000 0.72000000 -2.12000000
v 0.71000000 0.72000000 -1.36000000
v 0.73100813 0.65534362 -2.12000000
v 0.73100813 0.65534362 -1.36000000
v 0.78600813 0.61538378 -2.12000000
v 0.78600813 0.61538378 -1.36000000
v 0.85399187 0.61538378 -2.12000000
v 0.85399187 0.61538378 -1.36000000
v 0.90899187 0.65534362 -2.12000000
v 0.90899187 0.65534362 -1.36000000
v -0.68000000 -0.53000000 -2.38000000
v -0.68000000 -0.53000000 -2.24000000
v -0.68000000 -0.43000000 -2.38000000
v -0.68000000 -0.43000000 -2.24000000
v 0.68000000 -0.53000000 -2.38000000
v 0.68000000 -0.53000000 -2.24000000
v 0.68000000 -0.43000000 -2.38000000
v 0.68000000 -0.43000000 -2.24000000
vn -1.00000000 0.00000000 -0.00000000
vn -0.00000000 -1.00000000 -0.00000000
vn -1.00000000 0.00000000 0.00000000
vn -0.00000000 -0.00000000 -1.00000000
vn 0.00000000 -0.00000000 1.00000000
vn -0.00000000 -1.00000000 -0.00000000
vn 0.00000000 -0.00000000 1.00000000
vn -0.00000000 1.00000000 0.00000000
vn -0.00000000 -0.00000000 -1.00000000
vn -0.00000000 1.00000000 0.00000000
vn 1.00000000 0.00000000 0.00000000
vn 1.00000000 0.00000000 0.00000000
vn -1.00000000 0.00000000 -0.00000000
vn -0.00000000 -1.00000000 -0.00000000
vn -1.00000000 0.00000000 0.00000000
vn -0.00000000 -0.00000000 -1.00000000
vn 0.00000000 -0.00000000 1.00000000
