# Bastion TX-9R low-poly tank — generated original asset
# Coordinates: meters, +Y up, +Z forward
mtllib Bastion_Tank.mtl
o Bastion_RightTrack
g Bastion_RightTrack
usemtl BastionPalette
s off
vt 0.10000000 0.50000000
vt 0.30000000 0.50000000
vt 0.50000000 0.50000000
vt 0.70000000 0.50000000
vt 0.90000000 0.50000000
# piece RightTrack_Band palette=Track
v -0.24000000 -0.55000000 -2.10000000
v -0.24000000 -0.55000000 1.92000000
v -0.24000000 -0.44000000 2.25000000
v -0.24000000 -0.20000000 2.45000000
v -0.24000000 0.12000000 2.47000000
v -0.24000000 0.43000000 2.28000000
v -0.24000000 0.62000000 1.78000000
v -0.24000000 0.64000000 -1.70000000
v -0.24000000 0.50000000 -2.12000000
v -0.24000000 0.22000000 -2.38000000
v -0.24000000 -0.18000000 -2.35000000
v -0.24000000 -0.44000000 -2.18000000
v 0.24000000 -0.55000000 -2.10000000
v 0.24000000 -0.55000000 1.92000000
v 0.24000000 -0.44000000 2.25000000
v 0.24000000 -0.20000000 2.45000000
v 0.24000000 0.12000000 2.47000000
v 0.24000000 0.43000000 2.28000000
v 0.24000000 0.62000000 1.78000000
v 0.24000000 0.64000000 -1.70000000
v 0.24000000 0.50000000 -2.12000000
v 0.24000000 0.22000000 -2.38000000
v 0.24000000 -0.18000000 -2.35000000
v 0.24000000 -0.44000000 -2.18000000
v -0.24000000 -0.36000000 -1.84000000
v -0.24000000 -0.36000000 1.68000000
v -0.24000000 -0.27000000 1.97000000
v -0.24000000 -0.05000000 2.15000000
v -0.24000000 0.14000000 2.12000000
v -0.24000000 0.33000000 1.94000000
v -0.24000000 0.46000000 1.54000000
v -0.24000000 0.47000000 -1.48000000
v -0.24000000 0.35000000 -1.86000000
v -0.24000000 0.12000000 -2.08000000
v -0.24000000 -0.10000000 -2.05000000
v -0.24000000 -0.29000000 -1.91000000
v 0.24000000 -0.36000000 -1.84000000
v 0.24000000 -0.36000000 1.68000000
v 0.24000000 -0.27000000 1.97000000
v 0.24000000 -0.05000000 2.15000000
v 0.24000000 0.14000000 2.12000000
v 0.24000000 0.33000000 1.94000000
v 0.24000000 0.46000000 1.54000000
v 0.24000000 0.47000000 -1.48000000
v 0.24000000 0.35000000 -1.86000000
v 0.24000000 0.12000000 -2.08000000
v 0.24000000 -0.10000000 -2.05000000
v 0.24000000 -0.29000000 -1.91000000
v -0.28000000 -0.64500000 -1.97500000
v -0.28000000 -0.64500000 -1.78500000
v -0.28000000 -0.55500000 -1.97500000
v -0.28000000 -0.55500000 -1.78500000
v 0.28000000 -0.64500000 -1.97500000
v 0.28000000 -0.64500000 -1.78500000
v 0.28000000 -0.55500000 -1.97500000
v 0.28000000 -0.55500000 -1.78500000
v -0.28000000 -0.64500000 -1.71071429
v -0.28000000 -0.64500000 -1.52071429
v -0.28000000 -0.55500000 -1.71071429
v -0.28000000 -0.55500000 -1.52071429
v 0.28000000 -0.64500000 -1.71071429
v 0.28000000 -0.64500000 -1.52071429
v 0.28000000 -0.55500000 -1.71071429
v 0.28000000 -0.55500000 -1.52071429
v -0.28000000 -0.64500000 -1.44642857
v -0.28000000 -0.64500000 -1.25642857
v -0.28000000 -0.55500000 -1.44642857
v -0.28000000 -0.55500000 -1.25642857
v 0.28000000 -0.64500000 -1.44642857
v 0.28000000 -0.64500000 -1.25642857
v 0.28000000 -0.55500000 -1.44642857
v 0.28000000 -0.55500000 -1.25642857
v -0.28000000 -0.64500000 -1.18214286
v -0.28000000 -0.64500000 -0.99214286
v -0.28000000 -0.55500000 -1.18214286
v -0.28000000 -0.55500000 -0.99214286
v 0.28000000 -0.64500000 -1.18214286
v 0.28000000 -0.64500000 -0.99214286
v 0.28000000 -0.55500000 -1.18214286
v 0.28000000 -0.55500000 -0.99214286
v -0.28000000 -0.64500000 -0.91785714
v -0.28000000 -0.64500000 -0.72785714
v -0.28000000 -0.55500000 -0.91785714
v -0.28000000 -0.55500000 -0.72785714
v 0.28000000 -0.64500000 -0.91785714
v 0.28000000 -0.64500000 -0.72785714
v 0.28000000 -0.55500000 -0.91785714
v 0.28000000 -0.55500000 -0.72785714
v -0.28000000 -0.64500000 -0.65357143
v -0.28000000 -0.64500000 -0.46357143
v -0.28000000 -0.55500000 -0.65357143
v -0.28000000 -0.55500000 -0.46357143
v 0.28000000 -0.64500000 -0.65357143
v 0.28000000 -0.64500000 -0.46357143
v 0.28000000 -0.55500000 -0.65357143
v 0.28000000 -0.55500000 -0.46357143
v -0.28000000 -0.64500000 -0.38928571
v -0.28000000 -0.64500000 -0.19928571
v -0.28000000 -0.55500000 -0.38928571
v -0.28000000 -0.55500000 -0.19928571
v 0.28000000 -0.64500000 -0.38928571
v 0.28000000 -0.64500000 -0.19928571
v 0.28000000 -0.55500000 -0.38928571
v 0.28000000 -0.55500000 -0.19928571
v -0.28000000 -0.64500000 -0.12500000
v -0.28000000 -0.64500000 0.06500000
v -0.28000000 -0.55500000 -0.12500000
v -0.28000000 -0.55500000 0.06500000
v 0.28000000 -0.64500000 -0.12500000
v 0.28000000 -0.64500000 0.06500000
v 0.28000000 -0.55500000 -0.12500000
v 0.28000000 -0.55500000 0.06500000
v -0.28000000 -0.64500000 0.13928571
v -0.28000000 -0.64500000 0.32928571
v -0.28000000 -0.55500000 0.13928571
v -0.28000000 -0.55500000 0.32928571
v 0.28000000 -0.64500000 0.13928571
v 0.28000000 -0.64500000 0.32928571
v 0.28000000 -0.55500000 0.13928571
v 0.28000000 -0.55500000 0.32928571
v -0.28000000 -0.64500000 0.40357143
v -0.28000000 -0.64500000 0.59357143
v -0.28000000 -0.55500000 0.40357143
v -0.28000000 -0.55500000 0.59357143
v 0.28000000 -0.64500000 0.40357143
v 0.28000000 -0.64500000 0.59357143
v 0.28000000 -0.55500000 0.40357143
v 0.28000000 -0.55500000 0.59357143
v -0.28000000 -0.64500000 0.66785714
v -0.28000000 -0.64500000 0.85785714
v -0.28000000 -0.55500000 0.66785714
v -0.28000000 -0.55500000 0.85785714
v 0.28000000 -0.64500000 0.66785714
v 0.28000000 -0.64500000 0.85785714
v 0.28000000 -0.55500000 0.66785714
v 0.28000000 -0.55500000 0.85785714
v -0.28000000 -0.64500000 0.93214286
v -0.28000000 -0.64500000 1.12214286
v -0.28000000 -0.55500000 0.93214286
v -0.28000000 -0.55500000 1.12214286
v 0.28000000 -0.64500000 0.93214286
v 0.28000000 -0.64500000 1.12214286
v 0.28000000 -0.55500000 0.93214286
v 0.28000000 -0.55500000 1.12214286
v -0.28000000 -0.64500000 1.19642857
v -0.28000000 -0.64500000 1.38642857
v -0.28000000 -0.55500000 1.19642857
v -0.28000000 -0.55500000 1.38642857
v 0.28000000 -0.64500000 1.19642857
v 0.28000000 -0.64500000 1.38642857
v 0.28000000 -0.55500000 1.19642857
v 0.28000000 -0.55500000 1.38642857
v -0.28000000 -0.64500000 1.46071429
v -0.28000000 -0.64500000 1.65071429
v -0.28000000 -0.55500000 1.46071429
v -0.28000000 -0.55500000 1.65071429
v 0.28000000 -0.64500000 1.46071429
v 0.28000000 -0.64500000 1.65071429
v 0.28000000 -0.55500000 1.46071429
v 0.28000000 -0.55500000 1.65071429
v -0.28000000 -0.64500000 1.72500000
v -0.28000000 -0.64500000 1.91500000
v -0.28000000 -0.55500000 1.72500000
v -0.28000000 -0.55500000 1.91500000
v 0.28000000 -0.64500000 1.72500000
v 0.28000000 -0.64500000 1.91500000
v 0.28000000 -0.55500000 1.72500000
v 0.28000000 -0.55500000 1.91500000
v -0.28000000 0.65000000 -1.57500000
v -0.28000000 0.65000000 -1.38500000
v -0.28000000 0.73000000 -1.57500000
v -0.28000000 0.73000000 -1.38500000
v 0.28000000 0.65000000 -1.57500000
v 0.28000000 0.65000000 -1.38500000
v 0.28000000 0.73000000 -1.57500000
v 0.28000000 0.73000000 -1.38500000
v -0.28000000 0.65000000 -1.30227273
v -0.28000000 0.65000000 -1.11227273
v -0.28000000 0.73000000 -1.30227273
v -0.28000000 0.73000000 -1.11227273
v 0.28000000 0.65000000 -1.30227273
v 0.28000000 0.65000000 -1.11227273
v 0.28000000 0.73000000 -1.30227273
v 0.28000000 0.73000000 -1.11227273
v -0.28000000 0.65000000 -1.02954545
v -0.28000000 0.65000000 -0.83954545
v -0.28000000 0.73000000 -1.02954545
v -0.28000000 0.73000000 -0.83954545
v 0.28000000 0.65000000 -1.02954545
v 0.28000000 0.65000000 -0.83954545
v 0.28000000 0.73000000 -1.02954545
v 0.28000000 0.73000000 -0.83954545
v -0.28000000 0.65000000 -0.75681818
v -0.28000000 0.65000000 -0.56681818
v -0.28000000 0.73000000 -0.75681818
v -0.28000000 0.73000000 -0.56681818
v 0.28000000 0.65000000 -0.75681818
v 0.28000000 0.65000000 -0.56681818
v 0.28000000 0.73000000 -0.75681818
v 0.28000000 0.73000000 -0.56681818
v -0.28000000 0.65000000 -0.48409091
v -0.28000000 0.65000000 -0.29409091
v -0.28000000 0.73000000 -0.48409091
v -0.28000000 0.73000000 -0.29409091
v 0.28000000 0.65000000 -0.48409091
v 0.28000000 0.65000000 -0.29409091
v 0.28000000 0.73000000 -0.48409091
v 0.28000000 0.73000000 -0.29409091
v -0.28000000 0.65000000 -0.21136364
v -0.28000000 0.65000000 -0.02136364
v -0.28000000 0.73000000 -0.21136364
v -0.28000000 0.73000000 -0.02136364
v 0.28000000 0.65000000 -0.21136364
v 0.28000000 0.65000000 -0.02136364
v 0.28000000 0.73000000 -0.21136364
v 0.28000000 0.73000000 -0.02136364
v -0.28000000 0.65000000 0.06136364
v -0.28000000 0.65000000 0.25136364
v -0.28000000 0.73000000 0.06136364
v -0.28000000 0.73000000 0.25136364
v 0.28000000 0.65000000 0.06136364
v 0.28000000 0.65000000 0.25136364
v 0.28000000 0.73000000 0.06136364
v 0.28000000 0.73000000 0.25136364
v -0.28000000 0.65000000 0.33409091
v -0.28000000 0.65000000 0.52409091
v -0.28000000 0.73000000 0.33409091
v -0.28000000 0.73000000 0.52409091
v 0.28000000 0.65000000 0.33409091
v 0.28000000 0.65000000 0.52409091
v 0.28000000 0.73000000 0.33409091
v 0.28000000 0.73000000 0.52409091
v -0.28000000 0.65000000 0.60681818
v -0.28000000 0.65000000 0.79681818
v -0.28000000 0.73000000 0.60681818
v -0.28000000 0.73000000 0.79681818
v 0.28000000 0.65000000 0.60681818
v 0.28000000 0.65000000 0.79681818
v 0.28000000 0.73000000 0.60681818
v 0.28000000 0.73000000 0.79681818
v -0.28000000 0.65000000 0.87954545
v -0.28000000 0.65000000 1.06954545
v -0.28000000 0.73000000 0.87954545
v -0.28000000 0.73000000 1.06954545
v 0.28000000 0.65000000 0.87954545
v 0.28000000 0.65000000 1.06954545
v 0.28000000 0.73000000 0.87954545
v 0.28000000 0.73000000 1.06954545
v -0.28000000 0.65000000 1.15227273
v -0.28000000 0.65000000 1.34227273
v -0.28000000 0.73000000 1.15227273
v -0.28000000 0.73000000 1.34227273
v 0.28000000 0.65000000 1.15227273
v 0.28000000 0.65000000 1.34227273
v 0.28000000 0.73000000 1.15227273
v 0.28000000 0.73000000 1.34227273
v -0.28000000 0.65000000 1.42500000
v -0.28000000 0.65000000 1.61500000
v -0.28000000 0.73000000 1.42500000
v -0.28000000 0.73000000 1.61500000
v 0.28000000 0.65000000 1.42500000
v 0.28000000 0.65000000 1.61500000
v 0.28000000 0.73000000 1.42500000
v 0.28000000 0.73000000 1.61500000
v -0.28000000 -0.53480781 2.01154127
v -0.28000000 -0.49322547 2.20717079
v -0.28000000 -0.44677453 1.99282921
v -0.28000000 -0.40519219 2.18845873
v 0.28000000 -0.53480781 2.01154127
v 0.28000000 -0.49322547 2.20717079
v 0.28000000 -0.44677453 1.99282921
v 0.28000000 -0.40519219 2.18845873
v -0.28000000 -0.42549434 2.20132892
v -0.28000000 -0.33469624 2.37953022
v -0.28000000 -0.34530376 2.16046978
v -0.28000000 -0.25450566 2.33867108
v 0.28000000 -0.42549434 2.20132892
v 0.28000000 -0.33469624 2.37953022
v 0.28000000 -0.34530376 2.16046978
v 0.28000000 -0.25450566 2.33867108
v -0.28000000 -0.22253048 2.36110913
v -0.28000000 -0.08110913 2.50253048
v -0.28000000 -0.15889087 2.29746952
v -0.28000000 -0.01746952 2.43889087
v 0.28000000 -0.22253048 2.36110913
v 0.28000000 -0.08110913 2.50253048
v 0.28000000 -0.15889087 2.29746952
v 0.28000000 -0.01746952 2.43889087
v -0.28000000 0.02039389 2.40660862
v -0.28000000 0.20015270 2.49428285
v -0.28000000 0.05984730 2.32571715
v -0.28000000 0.23960611 2.41339138
v 0.28000000 0.02039389 2.40660862
v 0.28000000 0.20015270 2.49428285
v 0.28000000 0.05984730 2.32571715
v 0.28000000 0.23960611 2.41339138
v -0.28000000 0.26282921 2.33322547
v -0.28000000 0.45845873 2.37480781
v -0.28000000 0.28154127 2.24519219
v -0.28000000 0.47717079 2.28677453
v 0.28000000 0.26282921 2.33322547
v 0.28000000 0.45845873 2.37480781
v 0.28000000 0.28154127 2.24519219
v 0.28000000 0.47717079 2.28677453
v -0.28000000 0.45849044 2.17148264
v -0.28000000 0.65836861 2.17846254
v -0.28000000 0.46163139 2.08153746
v -0.28000000 0.66150956 2.08851736
v 0.28000000 0.45849044 2.17148264
v 0.28000000 0.65836861 2.17846254
v 0.28000000 0.46163139 2.08153746
v 0.28000000 0.66150956 2.08851736
v -0.28000000 -0.49322547 -2.21717079
v -0.28000000 -0.53480781 -2.02154127
v -0.28000000 -0.40519219 -2.19845873
v -0.28000000 -0.44677453 -2.00282921
v 0.28000000 -0.49322547 -2.21717079
v 0.28000000 -0.53480781 -2.02154127
v 0.28000000 -0.40519219 -2.19845873
v 0.28000000 -0.44677453 -2.00282921
v -0.28000000 -0.32469624 -2.37953022
v -0.28000000 -0.41549434 -2.20132892
v -0.28000000 -0.24450566 -2.33867108
v -0.28000000 -0.33530376 -2.16046978
v 0.28000000 -0.32469624 -2.37953022
v 0.28000000 -0.41549434 -2.20132892
v 0.28000000 -0.24450566 -2.33867108
v 0.28000000 -0.33530376 -2.16046978
v -0.28000000 -0.06110913 -2.47253048
v -0.28000000 -0.20253048 -2.33110913
v -0.28000000 0.00253048 -2.40889087
v -0.28000000 -0.13889087 -2.26746952
v 0.28000000 -0.06110913 -2.47253048
v 0.28000000 -0.20253048 -2.33110913
v 0.28000000 0.00253048 -2.40889087
v 0.28000000 -0.13889087 -2.26746952
v -0.28000000 0.22015270 -2.42428285
v -0.28000000 0.04039389 -2.33660862
v -0.28000000 0.25960611 -2.34339138
v -0.28000000 0.07984730 -2.25571715
v 0.28000000 0.22015270 -2.42428285
v 0.28000000 0.04039389 -2.33660862
v 0.28000000 0.25960611 -2.34339138
v 0.28000000 0.07984730 -2.25571715
v -0.28000000 0.46845873 -2.28480781
v -0.28000000 0.27282921 -2.24322547
v -0.28000000 0.48717079 -2.19677453
v -0.28000000 0.29154127 -2.15519219
v 0.28000000 0.46845873 -2.28480781
v 0.28000000 0.27282921 -2.24322547
v 0.28000000 0.48717079 -2.19677453
v 0.28000000 0.29154127 -2.15519219
v -0.28000000 0.65836861 -2.09846254
v -0.28000000 0.45849044 -2.09148264
v -0.28000000 0.66150956 -2.00851736
v -0.28000000 0.46163139 -2.00153746
v 0.28000000 0.65836861 -2.09846254
v 0.28000000 0.45849044 -2.09148264
v 0.28000000 0.66150956 -2.00851736
v 0.28000000 0.46163139 -2.00153746
vn -0.00000000 -1.00000000 -0.00000000
vn -0.00000000 -1.00000000 0.00000000
vn -0.00000000 1.00000000 0.00000000
vn 0.00000000 1.00000000 0.00000000
vn 1.00000000 0.00000000 0.00000000
vn 1.00000000 0.00000000 -0.00000000
vn -1.00000000 0.00000000 -0.00000000
vn -1.00000000 0.00000000 -0.00000000
vn 0.00000000 -0.94868330 0.31622777
vn 0.00000000 -0.94868330 0.31622777
vn 0.00000000 0.95506414 -0.29639921
vn 0.00000000 0.95506414 -0.29639921
vn 1.00000000 0.00000000 0.00000000
vn 1.00000000 0.00000000 -0.00000000
vn -1.00000000 0.00000000 -0.00000000
vn -1.00000000 -0.00000000 0.00000000
vn 0.00000000 -0.64018440 0.76822128
vn 0.00000000 -0.64018440 0.76822128
vn 0.00000000 0.63323779 -0.77395730
vn 0.00000000 0.63323779 -0.77395730
vn 1.00000000 0.00000000 0.00000000
vn 1.00000000 0.00000000 -0.00000000
vn -1.00000000 -0.00000000 -0.00000000
vn -1.00000000 -0.00000000 0.00000000
vn 0.00000000 -0.06237829 0.99805258
vn 0.00000000 -0.06237829 0.99805258
vn 0.00000000 -0.15596257 -0.98776297
vn -0.00000000 -0.15596257 -0.98776297
vn 1.00000000 0.00000000 0.00000000
vn 1.00000000 -0.00000000 -0.00000000
vn -1.00000000 -0.00000000 -0.00000000
vn -1.00000000 0.00000000 0.00000000
vn 0.00000000 0.52256206 0.85260125
vn 0.00000000 0.52256206 0.85260125
vn 0.00000000 -0.68774465 -0.72595268
vn -0.00000000 -0.68774465 -0.72595268
vn 1.00000000 0.00000000 -0.00000000
vn 1.00000000 -0.00000000 -0.00000000
vn -1.00000000 -0.00000000 0.00000000
vn -1.00000000 0.00000000 0.00000000
vn 0.00000000 0.93478358 0.35521776
vn 0.00000000 0.93478358 0.35521776
vn 0.00000000 -0.95103407 -0.30908607
vn -0.00000000 -0.95103407 -0.30908607
vn 1.00000000 0.00000000 -0.00000000
vn 1.00000000 -0.00000000 -0.00000000
vn -1.00000000 -0.00000000 0.00000000
vn -1.00000000 0.00000000 0.00000000
vn 0.00000000 0.99998349 0.00574703
vn 0.00000000 0.99998349 0.00574703
vn 0.00000000 -0.99999452 -0.00331124
vn -0.00000000 -0.99999452 -0.00331124
vn 1.00000000 -0.00000000 -0.00000000
vn 1.00000000 -0.00000000 0.00000000
vn -1.00000000 0.00000000 0.00000000
vn -1.00000000 0.00000000 0.00000000
vn 0.00000000 0.94868330 -0.31622777
vn 0.00000000 0.94868330 -0.31622777
vn 0.00000000 -0.95358267 0.30113137
vn 0.00000000 -0.95358267 0.30113137
vn 1.00000000 -0.00000000 0.00000000
vn 1.00000000 -0.00000000 0.00000000
vn -1.00000000 0.00000000 0.00000000
vn -1.00000000 0.00000000 0.00000000
vn 0.00000000 0.68045110 -0.73279349
vn 0.00000000 0.68045110 -0.73279349
vn 0.00000000 -0.69122265 0.72264186
vn 0.00000000 -0.69122265 0.72264186
vn 1.00000000 -0.00000000 0.00000000
vn 1.00000000 0.00000000 0.00000000
vn -1.00000000 0.00000000 0.00000000
vn -1.00000000 0.00000000 0.00000000
vn -0.00000000 -0.07478995 -0.99719931
vn 0.00000000 -0.07478995 -0.99719931
vn -0.00000000 0.13511320 0.99083017
vn 0.00000000 0.13511320 0.99083017
vn 1.00000000 0.00000000 0.00000000
vn 1.00000000 0.00000000 0.00000000
vn -1.00000000 0.00000000 0.00000000
vn -1.00000000 0.00000000 0.00000000
vn -0.00000000 -0.54724936 -0.83696961
vn 0.00000000 -0.54724936 -0.83696961
vn -0.00000000 0.59319904 0.80505584
vn 0.00000000 0.59319904 0.80505584
vn 1.00000000 0.00000000 0.00000000
vn 1.00000000 0.00000000 0.00000000
vn -1.00000000 0.00000000 0.00000000
vn -1.00000000 0.00000000 -0.00000000
vn -0.00000000 -0.58817170 -0.80873608
vn 0.00000000 -0.58817170 -0.80873608
vn -0.00000000 0.70710678 0.70710678
vn 0.00000000 0.70710678 0.70710678
vn 1.00000000 0.00000000 0.00000000
vn 1.00000000 0.00000000 0.00000000
vn -1.00000000 0.00000000 -0.00000000
vn -1.00000000 0.00000000 -0.00000000
vn -1.00000000 0.00000000 -0.00000000
vn -0.00000000 -1.00000000 -0.00000000
vn -1.00000000 0.00000000 0.00000000
vn -0.00000000 -0.00000000 -1.00000000
vn 0.00000000 -0.00000000 1.00000000
vn -0.00000000 -1.00000000 -0.00000000
vn 0.00000000 -0.00000000 1.00000000
vn -0.00000000 1.00000000 0.00000000
vn -0.00000000 -0.00000000 -1.00000000
vn -0.00000000 1.00000000 0.00000000
vn 1.00000000 0.00000000 0.00000000
vn 1.00000000 0.00000000 0.00000000
vn -1.00000000 0.00000000 -0.00000000
vn -0.00000000 -1.00000000 -0.00000000
vn -1.00000000 0.00000000 0.00000000
vn -0.00000000 -0.00000000 -1.00000000
vn 0.00000000 -0.00000000 1.00000000
vn -0.00000000 -1.00000000 -0.00000000
vn 0.00000000 -0.00000000 1.00000000
vn -0.00000000 1.00000000 0.00000000
vn -0.00000000 -0.00000000 -1.00000000
vn -0.00000000 1.00000000 0.00000000
vn 1.00000000 0.00000000 0.00000000
vn 1.00000000 0.00000000 0.00000000
vn -1.00000000 0.00000000 -0.00000000
vn -0.00000000 -1.00000000 -0.00000000
vn -1.00000000 0.00000000 0.00000000
vn -0.00000000 -0.00000000 -1.00000000
vn 0.00000000 -0.00000000 1.00000000
vn -0.00000000 -1.00000000 -0.00000000
vn 0.00000000 -0.00000000 1.00000000
vn -0.00000000 1.00000000 0.00000000
vn -0.00000000 -0.00000000 -1.00000000
vn -0.00000000 1.00000000 0.00000000
vn 1.00000000 0.00000000 0.00000000
vn 1.00000000 0.00000000 0.00000000
vn -1.00000000 0.00000000 -0.00000000
vn -0.00000000 -1.00000000 -0.00000000
vn -1.00000000 0.00000000 0.00000000
vn -0.00000000 -0.00000000 -1.00000000
vn 0.00000000 -0.00000000 1.00000000
vn -0.00000000 -1.00000000 -0.00000000
vn 0.00000000 -0.00000000 1.00000000
vn -0.00000000 1.00000000 0.00000000
vn -0.00000000 -0.00000000 -1.00000000
vn -0.00000000 1.00000000 0.00000000
vn 1.00000000 0.00000000 0.00000000
vn 1.00000000 0.00000000 0.00000000
vn -1.00000000 0.00000000 -0.00000000
vn -0.00000000 -1.00000000 -0.00000000
vn -1.00000000 0.00000000 0.00000000
vn -0.00000000 -0.00000000 -1.00000000
vn 0.00000000 -0.00000000 1.00000000
vn -0.00000000 -1.00000000 -0.00000000
vn 0.00000000 -0.00000000 1.00000000
vn -0.00000000 1.00000000 0.00000000
vn -0.00000000 -0.00000000 -1.00000000
vn -0.00000000 1.00000000 0.00000000
vn 1.00000000 0.00000000 0.00000000
vn 1.00000000 0.00000000 0.00000000
vn -1.00000000 0.00000000 -0.00000000
vn -0.00000000 -1.00000000 -0.00000000
vn -1.00000000 0.00000000 0.00000000
vn -0.00000000 -0.00000000 -1.00000000
vn 0.00000000 -0.00000000 1.00000000
vn -0.00000000 -1.00000000 -0.00000000
vn 0.00000000 -0.00000000 1.00000000
vn -0.00000000 1.00000000 0.00000000
vn -0.00000000 -0.00000000 -1.00000000
vn -0.00000000 1.00000000 0.00000000
vn 1.00000000 0.00000000 0.00000000
vn 1.00000000 0.00000000 0.00000000
vn -1.00000000 0.00000000 -0.00000000
vn -0.00000000 -1.00000000 -0.00000000
vn -1.00000000 0.00000000 0.00000000
vn -0.00000000 -0.00000000 -1.00000000
vn 0.00000000 -0.00000000 1.00000000
vn -0.00000000 -1.00000000 -0.00000000
vn 0.00000000 -0.00000000 1.00000000
vn -0.00000000 1.00000000 0.00000000
vn -0.00000000 -0.00000000 -1.00000000
vn -0.00000000 1.00000000 0.00000000
vn 1.00000000 0.00000000 0.00000000
vn 1.00000000 0.00000000 0.00000000
vn -1.00000000 0.00000000 -0.00000000
vn -0.00000000 -1.00000000 -0.00000000
vn -1.00000000 0.00000000 0.00000000
vn -0.00000000 -0.00000000 -1.00000000
vn 0.00000000 -0.00000000 1.00000000
vn -0.00000000 -1.00000000 -0.00000000
vn 0.00000000 -0.00000000 1.00000000
vn -0.00000000 1.00000000 0.00000000
vn -0.00000000 -0.00000000 -1.00000000
vn -0.00000000 1.00000000 0.00000000
vn 1.00000000 0.00000000 0.00000000
vn 1.00000000 0.00000000 0.00000000
vn -1.00000000 0.00000000 -0.00000000
vn -0.00000000 -1.00000000 -0.00000000
vn -1.00000000 0.00000000 0.00000000
vn -0.00000000 -0.00000000 -1.00000000
vn 0.00000000 -0.00000000 1.00000000
vn -0.00000000 -1.00000000 -0.00000000
vn 0.00000000 -0.00000000 1.00000000
vn -0.00000000 1.00000000 0.00000000
vn -0.00000000 -0.00000000 -1.00000000
vn -0.00000000 1.00000000 0.00000000
vn 1.00000000 0.00000000 0.00000000
vn 1.00000000 0.00000000 0.00000000
vn -1.00000000 0.00000000 -0.00000000
vn -0.00000000 -1.00000000 -0.00000000
vn -1.00000000 0.00000000 0.00000000
vn -0.00000000 -0.00000000 -1.00000000
vn 0.00000000 -0.00000000 1.00000000
vn -0.00000000 -1.00000000 -0.00000000
vn 0.00000000 -0.00000000 1.00000000
vn -0.00000000 1.00000000 0.00000000
vn -0.00000000 -0.00000000 -1.00000000
vn -0.00000000 1.00000000 0.00000000
vn 1.00000000 0.00000000 0.00000000
vn 1.00000000 0.00000000 0.00000000
vn -1.00000000 0.00000000 -0.00000000
vn -0.00000000 -1.00000000 -0.00000000
vn -1.00000000 0.00000000 0.00000000
vn -0.00000000 -0.00000000 -1.00000000
vn 0.00000000 -0.00000000 1.00000000
vn -0.00000000 -1.00000000 -0.00000000
vn 0.00000000 -0.00000000 1.00000000
vn -0.00000000 1.00000000 0.00000000
vn -0.00000000 -0.00000000 -1.00000000
vn -0.00000000 1.00000000 0.00000000
vn 1.00000000 0.00000000 0.00000000
vn 1.00000000 0.00000000 0.00000000
vn -1.00000000 0.00000000 -0.00000000
vn -0.00000000 -1.00000000 -0.00000000
vn -1.00000000 0.00000000 0.00000000
vn -0.00000000 -0.00000000 -1.00000000
vn 0.00000000 -0.00000000 1.00000000
vn -0.00000000 -1.00000000 -0.00000000
vn 0.00000000 -0.00000000 1.00000000
vn -0.00000000 1.00000000 0.00000000
vn -0.00000000 -0.00000000 -1.00000000
vn -0.00000000 1.00000000 0.00000000
vn 1.00000000 0.00000000 0.00000000
vn 1.00000000 0.00000000 0.00000000
vn -1.00000000 0.00000000 -0.00000000
vn -0.00000000 -1.00000000 -0.00000000
vn -1.00000000 0.00000000 0.00000000
vn -0.00000000 -0.00000000 -1.00000000
vn 0.00000000 -0.00000000 1.00000000
vn -0.00000000 -1.00000000 -0.00000000
vn 0.00000000 -0.00000000 1.00000000
vn -0.00000000 1.00000000 0.00000000
vn -0.00000000 -0.00000000 -1.00000000
vn -0.00000000 1.00000000 0.00000000
vn 1.00000000 0.00000000 0.00000000
vn 1.00000000 0.00000000 0.00000000
vn -1.00000000 0.00000000 -0.00000000
vn -0.00000000 -1.00000000 -0.00000000
vn -1.00000000 0.00000000 0.00000000
vn -0.00000000 -0.00000000 -1.00000000
vn 0.00000000 -0.00000000 1.00000000
vn -0.00000000 -1.00000000 -0.00000000
vn 0.00000000 -0.00000000 1.00000000
vn -0.00000000 1.00000000 0.00000000
vn -0.00000000 -0.00000000 -1.00000000
vn -0.00000000 1.00000000 0.00000000
vn 1.00000000 0.00000000 0.00000000
vn 1.00000000 0.00000000 0.00000000
vn -1.00000000 0.00000000 -0.00000000
vn -0.00000000 -1.00000000 -0.00000000
vn -1.00000000 0.00000000 0.00000000
vn -0.00000000 -0.00000000 -1.00000000
vn 0.00000000 -0.00000000 1.00000000
vn -0.00000000 -1.00000000 -0.00000000
vn 0.00000000 -0.00000000 1.00000000
vn -0.00000000 1.00000000 0.00000000
vn -0.00000000 -0.00000000 -1.00000000
vn -0.00000000 1.00000000 0.00000000
vn 1.00000000 0.00000000 0.00000000
vn 1.00000000 0.00000000 0.00000000
vn -1.00000000 0.00000000 -0.00000000
vn -0.00000000 -1.00000000 -0.00000000
vn -1.00000000 0.00000000 0.00000000
vn -0.00000000 -0.00000000 -1.00000000
vn 0.00000000 -0.00000000 1.00000000
vn -0.00000000 -1.00000000 -0.00000000
vn 0.00000000 -0.00000000 1.00000000
vn -0.00000000 1.00000000 0.00000000
vn -0.00000000 -0.00000000 -1.00000000
vn -0.00000000 1.00000000 0.00000000
vn 1.00000000 0.00000000 0.00000000
vn 1.00000000 0.00000000 0.00000000
vn -1.00000000 0.00000000 -0.00000000
vn -0.00000000 -1.00000000 -0.00000000
vn -1.00000000 0.00000000 0.00000000
vn -0.00000000 -0.00000000 -1.00000000
vn 0.00000000 -0.00000000 1.00000000
vn -0.00000000 -1.00000000 -0.00000000
vn 0.00000000 -0.00000000 1.00000000
vn -0.00000000 1.00000000 0.00000000
vn -0.00000000 -0.00000000 -1.00000000
vn -0.00000000 1.00000000 0.00000000
vn 1.00000000 0.00000000 0.00000000
vn 1.00000000 0.00000000 0.00000000
vn -1.00000000 0.00000000 -0.00000000
vn -0.00000000 -1.00000000 -0.00000000
vn -1.00000000 0.00000000 0.00000000
vn -0.00000000 -0.00000000 -1.00000000
vn 0.00000000 -0.00000000 1.00000000
vn -0.00000000 -1.00000000 -0.00000000
vn 0.00000000 -0.00000000 1.00000000
vn -0.00000000 1.00000000 0.00000000
vn -0.00000000 -0.00000000 -1.00000000
vn -0.00000000 1.00000000 0.00000000
vn 1.00000000 0.00000000 0.00000000
vn 1.00000000 0.00000000 0.00000000
vn -1.00000000 0.00000000 -0.00000000
vn -0.00000000 -1.00000000 -0.00000000
vn -1.00000000 0.00000000 0.00000000
vn -0.00000000 -0.00000000 -1.00000000
vn 0.00000000 -0.00000000 1.00000000
vn -0.00000000 -1.00000000 -0.00000000
vn 0.00000000 -0.00000000 1.00000000
vn -0.00000000 1.00000000 0.00000000
vn -0.00000000 -0.00000000 -1.00000000
vn -0.00000000 1.00000000 0.00000000
vn 1.00000000 0.00000000 0.00000000
vn 1.00000000 0.00000000 0.00000000
vn -1.00000000 0.00000000 -0.00000000
vn -0.00000000 -1.00000000 -0.00000000
vn -1.00000000 0.00000000 0.00000000
vn -0.00000000 -0.00000000 -1.00000000
vn 0.00000000 -0.00000000 1.00000000
vn -0.00000000 -1.00000000 -0.00000000
vn 0.00000000 -0.00000000 1.00000000
vn -0.00000000 1.00000000 0.00000000
vn -0.00000000 -0.00000000 -1.00000000
vn -0.00000000 1.00000000 0.00000000
vn 1.00000000 0.00000000 0.00000000
vn 1.00000000 0.00000000 0.00000000
vn -1.00000000 0.00000000 -0.00000000
vn -0.00000000 -1.00000000 -0.00000000
vn -1.00000000 0.00000000 0.00000000
vn -0.00000000 -0.00000000 -1.00000000
vn 0.00000000 -0.00000000 1.00000000
vn -0.00000000 -1.00000000 -0.00000000
vn 0.00000000 -0.00000000 1.00000000
vn -0.00000000 1.00000000 0.00000000
vn -0.00000000 -0.00000000 -1.00000000
vn -0.00000000 1.00000000 0.00000000
vn 1.00000000 0.00000000 0.00000000
vn 1.00000000 0.00000000 0.00000000
vn -1.00000000 0.00000000 -0.00000000
vn -0.00000000 -1.00000000 -0.00000000
vn -1.00000000 0.00000000 0.00000000
vn -0.00000000 -0.00000000 -1.00000000
vn 0.00000000 -0.00000000 1.00000000
vn -0.00000000 -1.00000000 -0.00000000
vn 0.00000000 -0.00000000 1.00000000
vn -0.00000000 1.00000000 0.00000000
vn -0.00000000 -0.00000000 -1.00000000
vn -0.00000000 1.00000000 0.00000000
vn 1.00000000 0.00000000 0.00000000
vn 1.00000000 0.00000000 0.00000000
vn -1.00000000 0.00000000 -0.00000000
vn -0.00000000 -1.00000000 -0.00000000
vn -1.00000000 0.00000000 0.00000000
vn -0.00000000 -0.00000000 -1.00000000
vn 0.00000000 -0.00000000 1.00000000
vn -0.00000000 -1.00000000 -0.00000000
vn 0.00000000 -0.00000000 1.00000000
vn -0.00000000 1.00000000 0.00000000
vn -0.00000000 -0.00000000 -1.00000000
vn -0.00000000 1.00000000 0.00000000
vn 1.00000000 0.00000000 0.00000000
vn 1.00000000 0.00000000 0.00000000
vn -1.00000000 0.00000000 -0.00000000
vn -0.00000000 -1.00000000 -0.00000000
vn -1.00000000 0.00000000 0.00000000
vn -0.00000000 -0.00000000 -1.00000000
vn 0.00000000 -0.00000000 1.00000000
vn -0.00000000 -1.00000000 -0.00000000
vn 0.00000000 -0.00000000 1.00000000
vn -0.00000000 1.00000000 0.00000000
vn -0.00000000 -0.00000000 -1.00000000
vn -0.00000000 1.00000000 0.00000000
vn 1.00000000 0.00000000 0.00000000
vn 1.00000000 0.00000000 0.00000000
vn -1.00000000 0.00000000 -0.00000000
vn -0.00000000 -1.00000000 -0.00000000
vn -1.00000000 0.00000000 0.00000000
vn -0.00000000 -0.00000000 -1.00000000
vn 0.00000000 -0.00000000 1.00000000
vn -0.00000000 -1.00000000 -0.00000000
vn 0.00000000 -0.00000000 1.00000000
vn -0.00000000 1.00000000 0.00000000
vn -0.00000000 -0.00000000 -1.00000000
vn -0.00000000 1.00000000 0.00000000
vn 1.00000000 0.00000000 0.00000000
vn 1.00000000 0.00000000 0.00000000
vn -1.00000000 0.00000000 -0.00000000
vn -0.00000000 -1.00000000 -0.00000000
vn -1.00000000 0.00000000 0.00000000
vn -0.00000000 -0.00000000 -1.00000000
vn 0.00000000 -0.00000000 1.00000000
vn -0.00000000 -1.00000000 -0.00000000
vn 0.00000000 -0.00000000 1.00000000
vn -0.00000000 1.00000000 0.00000000
vn -0.00000000 -0.00000000 -1.00000000
vn -0.00000000 1.00000000 0.00000000
vn 1.00000000 0.00000000 0.00000000
vn 1.00000000 0.00000000 0.00000000
vn -1.00000000 0.00000000 -0.00000000
vn -0.00000000 -1.00000000 -0.00000000
vn -1.00000000 0.00000000 0.00000000
vn -0.00000000 -0.00000000 -1.00000000
vn 0.00000000 -0.00000000 1.00000000
vn -0.00000000 -1.00000000 -0.00000000
vn 0.00000000 -0.00000000 1.00000000
vn -0.00000000 1.00000000 0.00000000
vn -0.00000000 -0.00000000 -1.00000000
vn -0.00000000 1.00000000 0.00000000
vn 1.00000000 0.00000000 0.00000000
vn 1.00000000 0.00000000 0.00000000
vn -1.00000000 0.00000000 -0.00000000
vn 0.00000000 -0.97814760 0.20791169
vn -1.00000000 0.00000000 -0.00000000
vn -0.00000000 -0.20791169 -0.97814760
vn 0.00000000 0.20791169 0.97814760
vn 0.00000000 -0.97814760 0.20791169
vn 0.00000000 0.20791169 0.97814760
vn 0.00000000 0.97814760 -0.20791169
vn 0.00000000 -0.20791169 -0.97814760
vn 0.00000000 0.97814760 -0.20791169
vn 1.00000000 0.00000000 0.00000000
vn 1.00000000 0.00000000 0.00000000
vn -1.00000000 0.00000000 -0.00000000
vn 0.00000000 -0.89100652 0.45399050
vn -1.00000000 0.00000000 -0.00000000
vn -0.00000000 -0.45399050 -0.89100652
vn 0.00000000 0.45399050 0.89100652
vn 0.00000000 -0.89100652 0.45399050
vn 0.00000000 0.45399050 0.89100652
vn 0.00000000 0.89100652 -0.45399050
vn 0.00000000 -0.45399050 -0.89100652
vn 0.00000000 0.89100652 -0.45399050
vn 1.00000000 0.00000000 -0.00000000
vn 1.00000000 0.00000000 0.00000000
vn -1.00000000 0.00000000 -0.00000000
vn 0.00000000 -0.70710678 0.70710678
vn -1.00000000 0.00000000 -0.00000000
vn -0.00000000 -0.70710678 -0.70710678
vn 0.00000000 0.70710678 0.70710678
vn 0.00000000 -0.70710678 0.70710678
vn 0.00000000 0.70710678 0.70710678
vn 0.00000000 0.70710678 -0.70710678
vn 0.00000000 -0.70710678 -0.70710678
vn 0.00000000 0.70710678 -0.70710678
vn 1.00000000 0.00000000 -0.00000000
vn 1.00000000 0.00000000 0.00000000
vn -1.00000000 0.00000000 -0.00000000
vn 0.00000000 -0.43837115 0.89879405
vn -1.00000000 0.00000000 -0.00000000
vn -0.00000000 -0.89879405 -0.43837115
vn 0.00000000 0.89879405 0.43837115
vn 0.00000000 -0.43837115 0.89879405
vn 0.00000000 0.89879405 0.43837115
vn 0.00000000 0.43837115 -0.89879405
vn 0.00000000 -0.89879405 -0.43837115
vn 0.00000000 0.43837115 -0.89879405
vn 1.00000000 0.00000000 -0.00000000
vn 1.00000000 0.00000000 0.00000000
vn -1.00000000 -0.00000000 -0.00000000
vn 0.00000000 -0.20791169 0.97814760
vn -1.00000000 0.00000000 -0.00000000
vn -0.00000000 -0.97814760 -0.20791169
vn 0.00000000 0.97814760 0.20791169
vn 0.00000000 -0.20791169 0.97814760
vn 0.00000000 0.97814760 0.20791169
vn 0.00000000 0.20791169 -0.97814760
vn 0.00000000 -0.97814760 -0.20791169
vn 0.00000000 0.20791169 -0.97814760
vn 1.00000000 0.00000000 -0.00000000
vn 1.00000000 0.00000000 0.00000000
vn -1.00000000 -0.00000000 -0.00000000
vn 0.00000000 -0.03489950 0.99939083
vn -1.00000000 0.00000000 -0.00000000
vn -0.00000000 -0.99939083 -0.03489950
vn 0.00000000 0.99939083 0.03489950
vn 0.00000000 -0.03489950 0.99939083
vn 0.00000000 0.99939083 0.03489950
vn 0.00000000 0.03489950 -0.99939083
vn 0.00000000 -0.99939083 -0.03489950
vn 0.00000000 0.03489950 -0.99939083
vn 1.00000000 0.00000000 -0.00000000
vn 1.00000000 0.00000000 0.00000000
vn -1.00000000 0.00000000 -0.00000000
vn 0.00000000 -0.97814760 -0.20791169
vn -1.00000000 0.00000000 0.00000000
vn 0.00000000 0.20791169 -0.97814760
vn 0.00000000 -0.20791169 0.97814760
vn -0.00000000 -0.97814760 -0.20791169
vn 0.00000000 -0.20791169 0.97814760
vn -0.00000000 0.97814760 0.20791169
vn 0.00000000 0.20791169 -0.97814760
vn 0.00000000 0.97814760 0.20791169
vn 1.00000000 0.00000000 0.00000000
vn 1.00000000 0.00000000 0.00000000
vn -1.00000000 0.00000000 0.00000000
vn 0.00000000 -0.89100652 -0.45399050
vn -1.00000000 0.00000000 0.00000000
vn 0.00000000 0.45399050 -0.89100652
vn 0.00000000 -0.45399050 0.89100652
vn -0.00000000 -0.89100652 -0.45399050
vn 0.00000000 -0.45399050 0.89100652
vn -0.00000000 0.89100652 0.45399050
vn 0.00000000 0.45399050 -0.89100652
vn 0.00000000 0.89100652 0.45399050
vn 1.00000000 0.00000000 0.00000000
vn 1.00000000 0.00000000 0.00000000
vn -1.00000000 0.00000000 0.00000000
vn 0.00000000 -0.70710678 -0.70710678
vn -1.00000000 0.00000000 0.00000000
vn 0.00000000 0.70710678 -0.70710678
vn 0.00000000 -0.70710678 0.70710678
vn -0.00000000 -0.70710678 -0.70710678
vn 0.00000000 -0.70710678 0.70710678
vn -0.00000000 0.70710678 0.70710678
vn 0.00000000 0.70710678 -0.70710678
vn 0.00000000 0.70710678 0.70710678
vn 1.00000000 0.00000000 0.00000000
vn 1.00000000 0.00000000 0.00000000
vn -1.00000000 0.00000000 0.00000000
vn 0.00000000 -0.43837115 -0.89879405
vn -1.00000000 0.00000000 0.00000000
vn 0.00000000 0.89879405 -0.43837115
vn 0.00000000 -0.89879405 0.43837115
vn -0.00000000 -0.43837115 -0.89879405
vn 0.00000000 -0.89879405 0.43837115
vn -0.00000000 0.43837115 0.89879405
vn 0.00000000 0.89879405 -0.43837115
vn 0.00000000 0.43837115 0.89879405
vn 1.00000000 0.00000000 0.00000000
vn 1.00000000 0.00000000 0.00000000
vn -1.00000000 0.00000000 0.00000000
vn 0.00000000 -0.20791169 -0.97814760
vn -1.00000000 0.00000000 0.00000000
vn 0.00000000 0.97814760 -0.20791169
vn 0.00000000 -0.97814760 0.20791169
vn -0.00000000 -0.20791169 -0.97814760
vn 0.00000000 -0.97814760 0.20791169
vn -0.00000000 0.20791169 0.97814760
vn 0.00000000 0.97814760 -0.20791169
vn 0.00000000 0.20791169 0.97814760
vn 1.00000000 0.00000000 0.00000000
vn 1.00000000 -0.00000000 0.00000000
vn -1.00000000 0.00000000 0.00000000
vn 0.00000000 -0.03489950 -0.99939083
vn -1.00000000 0.00000000 0.00000000
vn 0.00000000 0.99939083 -0.03489950
vn 0.00000000 -0.99939083 0.03489950
vn -0.00000000 -0.03489950 -0.99939083
vn 0.00000000 -0.99939083 0.03489950
vn -0.00000000 0.03489950 0.99939083
vn 0.00000000 0.99939083 -0.03489950
vn 0.00000000 0.03489950 0.99939083
vn 1.00000000 0.00000000 0.00000000
vn 1.00000000 -0.00000000 0.00000000
# piece RightTrack_Tires palette=Track
v -0.07000000 -0.08000000 -1.48000000
v -0.07000000 -0.08000000 -1.88500000
v 0.31000000 -0.08000000 -1.88500000
v 0.31000000 -0.08000000 -1.48000000
v -0.07000000 0.09572291 -1.84489239
v 0.31000000 0.09572291 -1.84489239
v -0.07000000 0.23664175 -1.73251337
v 0.31000000 0.23664175 -1.73251337
v -0.07000000 0.31484580 -1.57012098
v 0.31000000 0.31484580 -1.57012098
v -0.07000000 0.31484580 -1.38987902
v 0.31000000 0.31484580 -1.38987902
v -0.07000000 0.23664175 -1.22748663
v 0.31000000 0.23664175 -1.22748663
v -0.07000000 0.09572291 -1.11510761
v 0.31000000 0.09572291 -1.11510761
v -0.07000000 -0.08000000 -1.07500000
v 0.31000000 -0.08000000 -1.07500000
v -0.07000000 -0.25572291 -1.11510761
v 0.31000000 -0.25572291 -1.11510761
v -0.07000000 -0.39664175 -1.22748663
v 0.31000000 -0.39664175 -1.22748663
v -0.07000000 -0.47484580 -1.38987902
v 0.31000000 -0.47484580 -1.38987902
v -0.07000000 -0.47484580 -1.57012098
v 0.31000000 -0.47484580 -1.57012098
v -0.07000000 -0.39664175 -1.73251337
v 0.31000000 -0.39664175 -1.73251337
v -0.07000000 -0.25572291 -1.84489239
v 0.31000000 -0.25572291 -1.84489239
v -0.07000000 -0.08000000 -0.74000000
v -0.07000000 -0.08000000 -1.14500000
v 0.31000000 -0.08000000 -1.14500000
v 0.31000000 -0.08000000 -0.74000000
v -0.07000000 0.09572291 -1.10489239
v 0.31000000 0.09572291 -1.10489239
v -0.07000000 0.23664175 -0.99251337
v 0.31000000 0.23664175 -0.99251337
v -0.07000000 0.31484580 -0.83012098
v 0.31000000 0.31484580 -0.83012098
v -0.07000000 0.31484580 -0.64987902
v 0.31000000 0.31484580 -0.64987902
v -0.07000000 0.23664175 -0.48748663
v 0.31000000 0.23664175 -0.48748663
v -0.07000000 0.09572291 -0.37510761
v 0.31000000 0.09572291 -0.37510761
v -0.07000000 -0.08000000 -0.33500000
v 0.31000000 -0.08000000 -0.33500000
v -0.07000000 -0.25572291 -0.37510761
v 0.31000000 -0.25572291 -0.37510761
v -0.07000000 -0.39664175 -0.48748663
v 0.31000000 -0.39664175 -0.48748663
v -0.07000000 -0.47484580 -0.64987902
v 0.31000000 -0.47484580 -0.64987902
v -0.07000000 -0.47484580 -0.83012098
v 0.31000000 -0.47484580 -0.83012098
v -0.07000000 -0.39664175 -0.99251337
v 0.31000000 -0.39664175 -0.99251337
v -0.07000000 -0.25572291 -1.10489239
v 0.31000000 -0.25572291 -1.10489239
v -0.07000000 -0.08000000 -0.00000000
v -0.07000000 -0.08000000 -0.40500000
v 0.31000000 -0.08000000 -0.40500000
v 0.31000000 -0.08000000 0.00000000
v -0.07000000 0.09572291 -0.36489239
v 0.31000000 0.09572291 -0.36489239
v -0.07000000 0.23664175 -0.25251337
v 0.31000000 0.23664175 -0.25251337
v -0.07000000 0.31484580 -0.09012098
v 0.31000000 0.31484580 -0.09012098
v -0.07000000 0.31484580 0.09012098
v 0.31000000 0.31484580 0.09012098
v -0.07000000 0.23664175 0.25251337
v 0.31000000 0.23664175 0.25251337
v -0.07000000 0.09572291 0.36489239
v 0.31000000 0.09572291 0.36489239
v -0.07000000 -0.08000000 0.40500000
v 0.31000000 -0.08000000 0.40500000
v -0.07000000 -0.25572291 0.36489239
v 0.31000000 -0.25572291 0.36489239
v -0.07000000 -0.39664175 0.25251337
v 0.31000000 -0.39664175 0.25251337
v -0.07000000 -0.47484580 0.09012098
v 0.31000000 -0.47484580 0.09012098
v -0.07000000 -0.47484580 -0.09012098
v 0.31000000 -0.47484580 -0.09012098
v -0.07000000 -0.39664175 -0.25251337
v 0.31000000 -0.39664175 -0.25251337
v -0.07000000 -0.25572291 -0.36489239
v 0.31000000 -0.25572291 -0.36489239
v -0.07000000 -0.08000000 0.74000000
v -0.07000000 -0.08000000 0.33500000
v 0.31000000 -0.08000000 0.33500000
v 0.31000000 -0.08000000 0.74000000
v -0.07000000 0.09572291 0.37510761
v 0.31000000 0.09572291 0.37510761
v -0.07000000 0.23664175 0.48748663
v 0.31000000 0.23664175 0.48748663
v -0.07000000 0.31484580 0.64987902
v 0.31000000 0.31484580 0.64987902
v -0.07000000 0.31484580 0.83012098
v 0.31000000 0.31484580 0.83012098
v -0.07000000 0.23664175 0.99251337
v 0.31000000 0.23664175 0.99251337
v -0.07000000 0.09572291 1.10489239
v 0.31000000 0.09572291 1.10489239
v -0.07000000 -0.08000000 1.14500000
v 0.31000000 -0.08000000 1.14500000
v -0.07000000 -0.25572291 1.10489239
v 0.31000000 -0.25572291 1.10489239
v -0.07000000 -0.39664175 0.99251337
v 0.31000000 -0.39664175 0.99251337
v -0.07000000 -0.47484580 0.83012098
v 0.31000000 -0.47484580 0.83012098
v -0.07000000 -0.47484580 0.64987902
v 0.31000000 -0.47484580 0.64987902
v -0.07000000 -0.39664175 0.48748663
v 0.31000000 -0.39664175 0.48748663
v -0.07000000 -0.25572291 0.37510761
v 0.31000000 -0.25572291 0.37510761
v -0.07000000 -0.08000000 1.48000000
v -0.07000000 -0.08000000 1.07500000
v 0.31000000 -0.08000000 1.07500000
v 0.31000000 -0.08000000 1.48000000
v -0.07000000 0.09572291 1.11510761
v 0.31000000 0.09572291 1.11510761
v -0.07000000 0.23664175 1.22748663
v 0.31000000 0.23664175 1.22748663
v -0.07000000 0.31484580 1.38987902
v 0.31000000 0.31484580 1.38987902
v -0.07000000 0.31484580 1.57012098
v 0.31000000 0.31484580 1.57012098
v -0.07000000 0.23664175 1.73251337
v 0.31000000 0.23664175 1.73251337
v -0.07000000 0.09572291 1.84489239
v 0.31000000 0.09572291 1.84489239
v -0.07000000 -0.08000000 1.88500000
v 0.31000000 -0.08000000 1.88500000
v -0.07000000 -0.25572291 1.84489239
v 0.31000000 -0.25572291 1.84489239
v -0.07000000 -0.39664175 1.73251337
v 0.31000000 -0.39664175 1.73251337
v -0.07000000 -0.47484580 1.57012098
v 0.31000000 -0.47484580 1.57012098
v -0.07000000 -0.47484580 1.38987902
v 0.31000000 -0.47484580 1.38987902
