# Bastion MT-12 Rider — generated original low-poly asset
# Coordinates: meters, +Y up, +Z forward
mtllib Bastion_MT12.mtl
o Bastion_MT12_RightTrack
g Bastion_MT12_RightTrack
usemtl BastionPalette
s off
vt 0.07142857 0.50000000
vt 0.21428571 0.50000000
vt 0.35714286 0.50000000
vt 0.50000000 0.50000000
vt 0.64285714 0.50000000
vt 0.78571429 0.50000000
vt 0.92857143 0.50000000
# piece RightTrack_Band palette=Track
v -0.27000000 -0.66000000 -2.42000000
v -0.27000000 -0.66000000 2.20000000
v -0.27000000 -0.54000000 2.54000000
v -0.27000000 -0.28000000 2.72000000
v -0.27000000 0.10000000 2.76000000
v -0.27000000 0.46000000 2.56000000
v -0.27000000 0.66000000 2.00000000
v -0.27000000 0.68000000 -2.00000000
v -0.27000000 0.54000000 -2.45000000
v -0.27000000 0.25000000 -2.70000000
v -0.27000000 -0.22000000 -2.68000000
v -0.27000000 -0.52000000 -2.50000000
v 0.27000000 -0.66000000 -2.42000000
v 0.27000000 -0.66000000 2.20000000
v 0.27000000 -0.54000000 2.54000000
v 0.27000000 -0.28000000 2.72000000
v 0.27000000 0.10000000 2.76000000
v 0.27000000 0.46000000 2.56000000
v 0.27000000 0.66000000 2.00000000
v 0.27000000 0.68000000 -2.00000000
v 0.27000000 0.54000000 -2.45000000
v 0.27000000 0.25000000 -2.70000000
v 0.27000000 -0.22000000 -2.68000000
v 0.27000000 -0.52000000 -2.50000000
v -0.27000000 -0.45000000 -2.15000000
v -0.27000000 -0.45000000 1.94000000
v -0.27000000 -0.35000000 2.26000000
v -0.27000000 -0.13000000 2.43000000
v -0.27000000 0.11000000 2.44000000
v -0.27000000 0.34000000 2.27000000
v -0.27000000 0.48000000 1.78000000
v -0.27000000 0.49000000 -1.77000000
v -0.27000000 0.37000000 -2.15000000
v -0.27000000 0.14000000 -2.39000000
v -0.27000000 -0.10000000 -2.38000000
v -0.27000000 -0.36000000 -2.23000000
v 0.27000000 -0.45000000 -2.15000000
v 0.27000000 -0.45000000 1.94000000
v 0.27000000 -0.35000000 2.26000000
v 0.27000000 -0.13000000 2.43000000
v 0.27000000 0.11000000 2.44000000
v 0.27000000 0.34000000 2.27000000
v 0.27000000 0.48000000 1.78000000
v 0.27000000 0.49000000 -1.77000000
v 0.27000000 0.37000000 -2.15000000
v 0.27000000 0.14000000 -2.39000000
v 0.27000000 -0.10000000 -2.38000000
v 0.27000000 -0.36000000 -2.23000000
v -0.31500000 -0.76000000 -2.28000000
v -0.31500000 -0.76000000 -2.08000000
v -0.31500000 -0.66000000 -2.28000000
v -0.31500000 -0.66000000 -2.08000000
v 0.31500000 -0.76000000 -2.28000000
v 0.31500000 -0.76000000 -2.08000000
v 0.31500000 -0.66000000 -2.28000000
v 0.31500000 -0.66000000 -2.08000000
v -0.31500000 -0.76000000 -2.03294118
v -0.31500000 -0.76000000 -1.83294118
v -0.31500000 -0.66000000 -2.03294118
v -0.31500000 -0.66000000 -1.83294118
v 0.31500000 -0.76000000 -2.03294118
v 0.31500000 -0.76000000 -1.83294118
v 0.31500000 -0.66000000 -2.03294118
v 0.31500000 -0.66000000 -1.83294118
v -0.31500000 -0.76000000 -1.78588235
v -0.31500000 -0.76000000 -1.58588235
v -0.31500000 -0.66000000 -1.78588235
v -0.31500000 -0.66000000 -1.58588235
v 0.31500000 -0.76000000 -1.78588235
v 0.31500000 -0.76000000 -1.58588235
v 0.31500000 -0.66000000 -1.78588235
v 0.31500000 -0.66000000 -1.58588235
v -0.31500000 -0.76000000 -1.53882353
v -0.31500000 -0.76000000 -1.33882353
v -0.31500000 -0.66000000 -1.53882353
v -0.31500000 -0.66000000 -1.33882353
v 0.31500000 -0.76000000 -1.53882353
v 0.31500000 -0.76000000 -1.33882353
v 0.31500000 -0.66000000 -1.53882353
v 0.31500000 -0.66000000 -1.33882353
v -0.31500000 -0.76000000 -1.29176471
v -0.31500000 -0.76000000 -1.09176471
v -0.31500000 -0.66000000 -1.29176471
v -0.31500000 -0.66000000 -1.09176471
v 0.31500000 -0.76000000 -1.29176471
v 0.31500000 -0.76000000 -1.09176471
v 0.31500000 -0.66000000 -1.29176471
v 0.31500000 -0.66000000 -1.09176471
v -0.31500000 -0.76000000 -1.04470588
v -0.31500000 -0.76000000 -0.84470588
v -0.31500000 -0.66000000 -1.04470588
v -0.31500000 -0.66000000 -0.84470588
v 0.31500000 -0.76000000 -1.04470588
v 0.31500000 -0.76000000 -0.84470588
v 0.31500000 -0.66000000 -1.04470588
v 0.31500000 -0.66000000 -0.84470588
v -0.31500000 -0.76000000 -0.79764706
v -0.31500000 -0.76000000 -0.59764706
v -0.31500000 -0.66000000 -0.79764706
v -0.31500000 -0.66000000 -0.59764706
v 0.31500000 -0.76000000 -0.79764706
v 0.31500000 -0.76000000 -0.59764706
v 0.31500000 -0.66000000 -0.79764706
v 0.31500000 -0.66000000 -0.59764706
v -0.31500000 -0.76000000 -0.55058824
v -0.31500000 -0.76000000 -0.35058824
v -0.31500000 -0.66000000 -0.55058824
v -0.31500000 -0.66000000 -0.35058824
v 0.31500000 -0.76000000 -0.55058824
v 0.31500000 -0.76000000 -0.35058824
v 0.31500000 -0.66000000 -0.55058824
v 0.31500000 -0.66000000 -0.35058824
v -0.31500000 -0.76000000 -0.30352941
v -0.31500000 -0.76000000 -0.10352941
v -0.31500000 -0.66000000 -0.30352941
v -0.31500000 -0.66000000 -0.10352941
v 0.31500000 -0.76000000 -0.30352941
v 0.31500000 -0.76000000 -0.10352941
v 0.31500000 -0.66000000 -0.30352941
v 0.31500000 -0.66000000 -0.10352941
v -0.31500000 -0.76000000 -0.05647059
v -0.31500000 -0.76000000 0.14352941
v -0.31500000 -0.66000000 -0.05647059
v -0.31500000 -0.66000000 0.14352941
v 0.31500000 -0.76000000 -0.05647059
v 0.31500000 -0.76000000 0.14352941
v 0.31500000 -0.66000000 -0.05647059
v 0.31500000 -0.66000000 0.14352941
v -0.31500000 -0.76000000 0.19058824
v -0.31500000 -0.76000000 0.39058824
v -0.31500000 -0.66000000 0.19058824
v -0.31500000 -0.66000000 0.39058824
v 0.31500000 -0.76000000 0.19058824
v 0.31500000 -0.76000000 0.39058824
v 0.31500000 -0.66000000 0.19058824
v 0.31500000 -0.66000000 0.39058824
v -0.31500000 -0.76000000 0.43764706
v -0.31500000 -0.76000000 0.63764706
v -0.31500000 -0.66000000 0.43764706
v -0.31500000 -0.66000000 0.63764706
v 0.31500000 -0.76000000 0.43764706
v 0.31500000 -0.76000000 0.63764706
v 0.31500000 -0.66000000 0.43764706
v 0.31500000 -0.66000000 0.63764706
v -0.31500000 -0.76000000 0.68470588
v -0.31500000 -0.76000000 0.88470588
v -0.31500000 -0.66000000 0.68470588
v -0.31500000 -0.66000000 0.88470588
v 0.31500000 -0.76000000 0.68470588
v 0.31500000 -0.76000000 0.88470588
v 0.31500000 -0.66000000 0.68470588
v 0.31500000 -0.66000000 0.88470588
v -0.31500000 -0.76000000 0.93176471
v -0.31500000 -0.76000000 1.13176471
v -0.31500000 -0.66000000 0.93176471
v -0.31500000 -0.66000000 1.13176471
v 0.31500000 -0.76000000 0.93176471
v 0.31500000 -0.76000000 1.13176471
v 0.31500000 -0.66000000 0.93176471
v 0.31500000 -0.66000000 1.13176471
v -0.31500000 -0.76000000 1.17882353
v -0.31500000 -0.76000000 1.37882353
v -0.31500000 -0.66000000 1.17882353
v -0.31500000 -0.66000000 1.37882353
v 0.31500000 -0.76000000 1.17882353
v 0.31500000 -0.76000000 1.37882353
v 0.31500000 -0.66000000 1.17882353
v 0.31500000 -0.66000000 1.37882353
v -0.31500000 -0.76000000 1.42588235
v -0.31500000 -0.76000000 1.62588235
v -0.31500000 -0.66000000 1.42588235
v -0.31500000 -0.66000000 1.62588235
v 0.31500000 -0.76000000 1.42588235
v 0.31500000 -0.76000000 1.62588235
v 0.31500000 -0.66000000 1.42588235
v 0.31500000 -0.66000000 1.62588235
v -0.31500000 -0.76000000 1.67294118
v -0.31500000 -0.76000000 1.87294118
v -0.31500000 -0.66000000 1.67294118
v -0.31500000 -0.66000000 1.87294118
v 0.31500000 -0.76000000 1.67294118
v 0.31500000 -0.76000000 1.87294118
v 0.31500000 -0.66000000 1.67294118
v 0.31500000 -0.66000000 1.87294118
v -0.31500000 -0.76000000 1.92000000
v -0.31500000 -0.76000000 2.12000000
v -0.31500000 -0.66000000 1.92000000
v -0.31500000 -0.66000000 2.12000000
v 0.31500000 -0.76000000 1.92000000
v 0.31500000 -0.76000000 2.12000000
v 0.31500000 -0.66000000 1.92000000
v 0.31500000 -0.66000000 2.12000000
v -0.31500000 0.67500000 -1.86000000
v -0.31500000 0.67500000 -1.66000000
v -0.31500000 0.76500000 -1.86000000
v -0.31500000 0.76500000 -1.66000000
v 0.31500000 0.67500000 -1.86000000
v 0.31500000 0.67500000 -1.66000000
v 0.31500000 0.76500000 -1.86000000
v 0.31500000 0.76500000 -1.66000000
v -0.31500000 0.67500000 -1.60714286
v -0.31500000 0.67500000 -1.40714286
v -0.31500000 0.76500000 -1.60714286
v -0.31500000 0.76500000 -1.40714286
v 0.31500000 0.67500000 -1.60714286
v 0.31500000 0.67500000 -1.40714286
v 0.31500000 0.76500000 -1.60714286
v 0.31500000 0.76500000 -1.40714286
v -0.31500000 0.67500000 -1.35428571
v -0.31500000 0.67500000 -1.15428571
v -0.31500000 0.76500000 -1.35428571
v -0.31500000 0.76500000 -1.15428571
v 0.31500000 0.67500000 -1.35428571
v 0.31500000 0.67500000 -1.15428571
v 0.31500000 0.76500000 -1.35428571
v 0.31500000 0.76500000 -1.15428571
v -0.31500000 0.67500000 -1.10142857
v -0.31500000 0.67500000 -0.90142857
v -0.31500000 0.76500000 -1.10142857
v -0.31500000 0.76500000 -0.90142857
v 0.31500000 0.67500000 -1.10142857
v 0.31500000 0.67500000 -0.90142857
v 0.31500000 0.76500000 -1.10142857
v 0.31500000 0.76500000 -0.90142857
v -0.31500000 0.67500000 -0.84857143
v -0.31500000 0.67500000 -0.64857143
v -0.31500000 0.76500000 -0.84857143
v -0.31500000 0.76500000 -0.64857143
v 0.31500000 0.67500000 -0.84857143
v 0.31500000 0.67500000 -0.64857143
v 0.31500000 0.76500000 -0.84857143
v 0.31500000 0.76500000 -0.64857143
v -0.31500000 0.67500000 -0.59571429
v -0.31500000 0.67500000 -0.39571429
v -0.31500000 0.76500000 -0.59571429
v -0.31500000 0.76500000 -0.39571429
v 0.31500000 0.67500000 -0.59571429
v 0.31500000 0.67500000 -0.39571429
v 0.31500000 0.76500000 -0.59571429
v 0.31500000 0.76500000 -0.39571429
v -0.31500000 0.67500000 -0.34285714
v -0.31500000 0.67500000 -0.14285714
v -0.31500000 0.76500000 -0.34285714
v -0.31500000 0.76500000 -0.14285714
v 0.31500000 0.67500000 -0.34285714
v 0.31500000 0.67500000 -0.14285714
v 0.31500000 0.76500000 -0.34285714
v 0.31500000 0.76500000 -0.14285714
v -0.31500000 0.67500000 -0.09000000
v -0.31500000 0.67500000 0.11000000
v -0.31500000 0.76500000 -0.09000000
v -0.31500000 0.76500000 0.11000000
v 0.31500000 0.67500000 -0.09000000
v 0.31500000 0.67500000 0.11000000
v 0.31500000 0.76500000 -0.09000000
v 0.31500000 0.76500000 0.11000000
v -0.31500000 0.67500000 0.16285714
v -0.31500000 0.67500000 0.36285714
v -0.31500000 0.76500000 0.16285714
v -0.31500000 0.76500000 0.36285714
v 0.31500000 0.67500000 0.16285714
v 0.31500000 0.67500000 0.36285714
v 0.31500000 0.76500000 0.16285714
v 0.31500000 0.76500000 0.36285714
v -0.31500000 0.67500000 0.41571429
v -0.31500000 0.67500000 0.61571429
v -0.31500000 0.76500000 0.41571429
v -0.31500000 0.76500000 0.61571429
v 0.31500000 0.67500000 0.41571429
v 0.31500000 0.67500000 0.61571429
v 0.31500000 0.76500000 0.41571429
v 0.31500000 0.76500000 0.61571429
v -0.31500000 0.67500000 0.66857143
v -0.31500000 0.67500000 0.86857143
v -0.31500000 0.76500000 0.66857143
v -0.31500000 0.76500000 0.86857143
v 0.31500000 0.67500000 0.66857143
v 0.31500000 0.67500000 0.86857143
v 0.31500000 0.76500000 0.66857143
v 0.31500000 0.76500000 0.86857143
v -0.31500000 0.67500000 0.92142857
v -0.31500000 0.67500000 1.12142857
v -0.31500000 0.76500000 0.92142857
v -0.31500000 0.76500000 1.12142857
v 0.31500000 0.67500000 0.92142857
v 0.31500000 0.67500000 1.12142857
v 0.31500000 0.76500000 0.92142857
v 0.31500000 0.76500000 1.12142857
v -0.31500000 0.67500000 1.17428571
v -0.31500000 0.67500000 1.37428571
v -0.31500000 0.76500000 1.17428571
v -0.31500000 0.76500000 1.37428571
v 0.31500000 0.67500000 1.17428571
v 0.31500000 0.67500000 1.37428571
v 0.31500000 0.76500000 1.17428571
v 0.31500000 0.76500000 1.37428571
v -0.31500000 0.67500000 1.42714286
v -0.31500000 0.67500000 1.62714286
v -0.31500000 0.76500000 1.42714286
v -0.31500000 0.76500000 1.62714286
v 0.31500000 0.67500000 1.42714286
v 0.31500000 0.67500000 1.62714286
v 0.31500000 0.76500000 1.42714286
v 0.31500000 0.76500000 1.62714286
v -0.31500000 0.67500000 1.68000000
v -0.31500000 0.67500000 1.88000000
v -0.31500000 0.76500000 1.68000000
v -0.31500000 0.76500000 1.88000000
v 0.31500000 0.67500000 1.68000000
v 0.31500000 0.67500000 1.88000000
v 0.31500000 0.76500000 1.68000000
v 0.31500000 0.76500000 1.88000000
v -0.31500000 -0.64073811 2.20769009
v -0.31500000 -0.59707665 2.41310108
v -0.31500000 -0.54292335 2.18689892
v -0.31500000 -0.49926189 2.39230991
v 0.31500000 -0.64073811 2.20769009
v 0.31500000 -0.59707665 2.41310108
v 0.31500000 -0.54292335 2.18689892
v 0.31500000 -0.49926189 2.39230991
v -0.31500000 -0.52221933 2.41914384
v -0.31500000 -0.42688132 2.60625521
v -0.31500000 -0.43311868 2.37374479
v -0.31500000 -0.33778067 2.56085616
v 0.31500000 -0.52221933 2.41914384
v 0.31500000 -0.42688132 2.60625521
v 0.31500000 -0.43311868 2.37374479
v 0.31500000 -0.33778067 2.56085616
v -0.31500000 -0.30960155 2.60110913
v -0.31500000 -0.16110913 2.74960155
v -0.31500000 -0.23889087 2.53039845
v -0.31500000 -0.09039845 2.67889087
v 0.31500000 -0.30960155 2.60110913
v 0.31500000 -0.16110913 2.74960155
v 0.31500000 -0.23889087 2.53039845
v 0.31500000 -0.09039845 2.67889087
v -0.31500000 -0.03625521 2.66688132
v -0.31500000 0.15085616 2.76221933
v -0.31500000 0.00914384 2.57778067
v -0.31500000 0.19625521 2.67311868
v 0.31500000 -0.03625521 2.66688132
v 0.31500000 0.15085616 2.76221933
v 0.31500000 0.00914384 2.57778067
v 0.31500000 0.19625521 2.67311868
v -0.31500000 0.24689892 2.59707665
v -0.31500000 0.45230991 2.64073811
v -0.31500000 0.26769009 2.49926189
v -0.31500000 0.47310108 2.54292335
v 0.31500000 0.24689892 2.59707665
v 0.31500000 0.45230991 2.64073811
v 0.31500000 0.26769009 2.49926189
v 0.31500000 0.47310108 2.54292335
v -0.31500000 0.47331899 2.42630509
v -0.31500000 0.68319106 2.43363399
v -0.31500000 0.47680894 2.32636601
v -0.31500000 0.68668101 2.33369491
v 0.31500000 0.47331899 2.42630509
v 0.31500000 0.68319106 2.43363399
v 0.31500000 0.47680894 2.32636601
v 0.31500000 0.68668101 2.33369491
v -0.31500000 -0.59707665 -2.42310108
v -0.31500000 -0.64073811 -2.21769009
v -0.31500000 -0.49926189 -2.40230991
v -0.31500000 -0.54292335 -2.19689892
v 0.31500000 -0.59707665 -2.42310108
v 0.31500000 -0.64073811 -2.21769009
v 0.31500000 -0.49926189 -2.40230991
v 0.31500000 -0.54292335 -2.19689892
v -0.31500000 -0.41688132 -2.61625521
v -0.31500000 -0.51221933 -2.42914384
v -0.31500000 -0.32778067 -2.57085616
v -0.31500000 -0.42311868 -2.38374479
v 0.31500000 -0.41688132 -2.61625521
v 0.31500000 -0.51221933 -2.42914384
v 0.31500000 -0.32778067 -2.57085616
v 0.31500000 -0.42311868 -2.38374479
v -0.31500000 -0.14110913 -2.73960155
v -0.31500000 -0.28960155 -2.59110913
v -0.31500000 -0.07039845 -2.66889087
v -0.31500000 -0.21889087 -2.52039845
v 0.31500000 -0.14110913 -2.73960155
v 0.31500000 -0.28960155 -2.59110913
v 0.31500000 -0.07039845 -2.66889087
v 0.31500000 -0.21889087 -2.52039845
v -0.31500000 0.17085616 -2.70221933
v -0.31500000 -0.01625521 -2.60688132
v -0.31500000 0.21625521 -2.61311868
v -0.31500000 0.02914384 -2.51778067
v 0.31500000 0.17085616 -2.70221933
v 0.31500000 -0.01625521 -2.60688132
v 0.31500000 0.21625521 -2.61311868
v 0.31500000 0.02914384 -2.51778067
v -0.31500000 0.47230991 -2.57073811
v -0.31500000 0.26689892 -2.52707665
v -0.31500000 0.49310108 -2.47292335
v -0.31500000 0.28769009 -2.42926189
v 0.31500000 0.47230991 -2.57073811
v 0.31500000 0.26689892 -2.52707665
v 0.31500000 0.49310108 -2.47292335
v 0.31500000 0.28769009 -2.42926189
v -0.31500000 0.69319106 -2.37363399
v -0.31500000 0.48331899 -2.36630509
v -0.31500000 0.69668101 -2.27369491
v -0.31500000 0.48680894 -2.26636601
v 0.31500000 0.69319106 -2.37363399
v 0.31500000 0.48331899 -2.36630509
v 0.31500000 0.69668101 -2.27369491
v 0.31500000 0.48680894 -2.26636601
vn -0.00000000 -1.00000000 -0.00000000
vn -0.00000000 -1.00000000 0.00000000
vn -0.00000000 1.00000000 0.00000000
vn 0.00000000 1.00000000 0.00000000
vn 1.00000000 0.00000000 0.00000000
vn 1.00000000 0.00000000 -0.00000000
vn -1.00000000 0.00000000 -0.00000000
vn -1.00000000 0.00000000 -0.00000000
vn 0.00000000 -0.94299033 0.33282012
vn 0.00000000 -0.94299033 0.33282012
vn 0.00000000 0.95447998 -0.29827499
vn 0.00000000 0.95447998 -0.29827499
vn 1.00000000 0.00000000 0.00000000
vn 1.00000000 0.00000000 -0.00000000
vn -1.00000000 0.00000000 -0.00000000
vn -1.00000000 -0.00000000 0.00000000
vn 0.00000000 -0.56920998 0.82219219
vn 0.00000000 -0.56920998 0.82219219
vn 0.00000000 0.61144750 -0.79128500
vn 0.00000000 0.61144750 -0.79128500
vn 1.00000000 0.00000000 0.00000000
vn 1.00000000 0.00000000 -0.00000000
vn -1.00000000 -0.00000000 -0.00000000
vn -1.00000000 -0.00000000 0.00000000
vn 0.00000000 -0.10468478 0.99450545
vn 0.00000000 -0.10468478 0.99450545
vn 0.00000000 0.04163054 -0.99913307
vn 0.00000000 0.04163054 -0.99913307
vn 1.00000000 0.00000000 0.00000000
vn 1.00000000 0.00000000 -0.00000000
vn -1.00000000 -0.00000000 -0.00000000
vn -1.00000000 -0.00000000 0.00000000
vn 0.00000000 0.48564293 0.87415728
vn 0.00000000 0.48564293 0.87415728
vn 0.00000000 -0.59439106 -0.80417614
vn -0.00000000 -0.59439106 -0.80417614
vn 1.00000000 0.00000000 -0.00000000
vn 1.00000000 -0.00000000 -0.00000000
vn -1.00000000 -0.00000000 0.00000000
vn -1.00000000 0.00000000 0.00000000
vn 0.00000000 0.94174191 0.33633640
vn 0.00000000 0.94174191 0.33633640
vn 0.00000000 -0.96152395 -0.27472113
vn -0.00000000 -0.96152395 -0.27472113
vn 1.00000000 0.00000000 -0.00000000
vn 1.00000000 -0.00000000 -0.00000000
vn -1.00000000 -0.00000000 0.00000000
vn -1.00000000 0.00000000 0.00000000
vn 0.00000000 0.99998750 0.00499994
vn 0.00000000 0.99998750 0.00499994
vn 0.00000000 -0.99999603 -0.00281689
vn -0.00000000 -0.99999603 -0.00281689
vn 1.00000000 -0.00000000 -0.00000000
vn 1.00000000 -0.00000000 0.00000000
vn -1.00000000 0.00000000 0.00000000
vn -1.00000000 0.00000000 0.00000000
vn 0.00000000 0.95485678 -0.29706655
vn 0.00000000 0.95485678 -0.29706655
vn 0.00000000 -0.95358267 0.30113137
vn 0.00000000 -0.95358267 0.30113137
vn 1.00000000 -0.00000000 0.00000000
vn 1.00000000 -0.00000000 0.00000000
vn -1.00000000 0.00000000 0.00000000
vn -1.00000000 0.00000000 0.00000000
vn 0.00000000 0.65293962 -0.75740996
vn 0.00000000 0.65293962 -0.75740996
vn 0.00000000 -0.72198821 0.69190536
vn 0.00000000 -0.72198821 0.69190536
vn 1.00000000 -0.00000000 0.00000000
vn 1.00000000 0.00000000 0.00000000
vn -1.00000000 0.00000000 0.00000000
vn -1.00000000 0.00000000 0.00000000
vn -0.00000000 -0.04251472 -0.99909584
vn 0.00000000 -0.04251472 -0.99909584
vn -0.00000000 0.04163054 0.99913307
vn 0.00000000 0.04163054 0.99913307
vn 1.00000000 0.00000000 0.00000000
vn 1.00000000 0.00000000 0.00000000
vn -1.00000000 0.00000000 0.00000000
vn -1.00000000 0.00000000 0.00000000
vn -0.00000000 -0.51449576 -0.85749293
vn 0.00000000 -0.51449576 -0.85749293
vn -0.00000000 0.49972245 0.86618559
vn 0.00000000 0.49972245 0.86618559
vn 1.00000000 0.00000000 0.00000000
vn 1.00000000 0.00000000 0.00000000
vn -1.00000000 0.00000000 0.00000000
vn -1.00000000 0.00000000 -0.00000000
vn -0.00000000 -0.49613894 -0.86824314
vn 0.00000000 -0.49613894 -0.86824314
vn -0.00000000 0.66436384 0.74740932
vn 0.00000000 0.66436384 0.74740932
vn 1.00000000 0.00000000 0.00000000
vn 1.00000000 0.00000000 0.00000000
vn -1.00000000 0.00000000 -0.00000000
vn -1.00000000 0.00000000 -0.00000000
vn -1.00000000 0.00000000 -0.00000000
vn -0.00000000 -1.00000000 -0.00000000
vn -1.00000000 0.00000000 0.00000000
vn -0.00000000 -0.00000000 -1.00000000
vn 0.00000000 -0.00000000 1.00000000
vn -0.00000000 -1.00000000 -0.00000000
vn 0.00000000 -0.00000000 1.00000000
vn -0.00000000 1.00000000 0.00000000
vn -0.00000000 -0.00000000 -1.00000000
vn -0.00000000 1.00000000 0.00000000
vn 1.00000000 0.00000000 0.00000000
vn 1.00000000 0.00000000 0.00000000
vn -1.00000000 0.00000000 -0.00000000
vn -0.00000000 -1.00000000 -0.00000000
vn -1.00000000 0.00000000 0.00000000
vn -0.00000000 -0.00000000 -1.00000000
vn 0.00000000 -0.00000000 1.00000000
vn -0.00000000 -1.00000000 -0.00000000
vn 0.00000000 -0.00000000 1.00000000
vn -0.00000000 1.00000000 0.00000000
vn -0.00000000 -0.00000000 -1.00000000
vn -0.00000000 1.00000000 0.00000000
vn 1.00000000 0.00000000 0.00000000
vn 1.00000000 0.00000000 0.00000000
vn -1.00000000 0.00000000 -0.00000000
vn -0.00000000 -1.00000000 -0.00000000
vn -1.00000000 0.00000000 0.00000000
vn -0.00000000 -0.00000000 -1.00000000
vn 0.00000000 -0.00000000 1.00000000
vn -0.00000000 -1.00000000 -0.00000000
vn 0.00000000 -0.00000000 1.00000000
vn -0.00000000 1.00000000 0.00000000
vn -0.00000000 -0.00000000 -1.00000000
vn -0.00000000 1.00000000 0.00000000
vn 1.00000000 0.00000000 0.00000000
vn 1.00000000 0.00000000 0.00000000
vn -1.00000000 0.00000000 -0.00000000
vn -0.00000000 -1.00000000 -0.00000000
vn -1.00000000 0.00000000 0.00000000
vn -0.00000000 -0.00000000 -1.00000000
vn 0.00000000 -0.00000000 1.00000000
vn -0.00000000 -1.00000000 -0.00000000
vn 0.00000000 -0.00000000 1.00000000
vn -0.00000000 1.00000000 0.00000000
vn -0.00000000 -0.00000000 -1.00000000
vn -0.00000000 1.00000000 0.00000000
vn 1.00000000 0.00000000 0.00000000
vn 1.00000000 0.00000000 0.00000000
vn -1.00000000 0.00000000 -0.00000000
vn -0.00000000 -1.00000000 -0.00000000
vn -1.00000000 0.00000000 0.00000000
vn -0.00000000 -0.00000000 -1.00000000
vn 0.00000000 -0.00000000 1.00000000
vn -0.00000000 -1.00000000 -0.00000000
vn 0.00000000 -0.00000000 1.00000000
vn -0.00000000 1.00000000 0.00000000
vn -0.00000000 -0.00000000 -1.00000000
vn -0.00000000 1.00000000 0.00000000
vn 1.00000000 0.00000000 0.00000000
vn 1.00000000 0.00000000 0.00000000
vn -1.00000000 0.00000000 -0.00000000
vn -0.00000000 -1.00000000 -0.00000000
vn -1.00000000 0.00000000 0.00000000
vn -0.00000000 -0.00000000 -1.00000000
vn 0.00000000 -0.00000000 1.00000000
vn -0.00000000 -1.00000000 -0.00000000
vn 0.00000000 -0.00000000 1.00000000
vn -0.00000000 1.00000000 0.00000000
vn -0.00000000 -0.00000000 -1.00000000
vn -0.00000000 1.00000000 0.00000000
vn 1.00000000 0.00000000 0.00000000
vn 1.00000000 0.00000000 0.00000000
vn -1.00000000 0.00000000 -0.00000000
vn -0.00000000 -1.00000000 -0.00000000
vn -1.00000000 0.00000000 0.00000000
vn -0.00000000 -0.00000000 -1.00000000
vn 0.00000000 -0.00000000 1.00000000
vn -0.00000000 -1.00000000 -0.00000000
vn 0.00000000 -0.00000000 1.00000000
vn -0.00000000 1.00000000 0.00000000
vn -0.00000000 -0.00000000 -1.00000000
vn -0.00000000 1.00000000 0.00000000
vn 1.00000000 0.00000000 0.00000000
vn 1.00000000 0.00000000 0.00000000
vn -1.00000000 0.00000000 -0.00000000
vn -0.00000000 -1.00000000 -0.00000000
vn -1.00000000 0.00000000 0.00000000
vn -0.00000000 -0.00000000 -1.00000000
vn 0.00000000 -0.00000000 1.00000000
vn -0.00000000 -1.00000000 -0.00000000
vn 0.00000000 -0.00000000 1.00000000
vn -0.00000000 1.00000000 0.00000000
vn -0.00000000 -0.00000000 -1.00000000
vn -0.00000000 1.00000000 0.00000000
vn 1.00000000 0.00000000 0.00000000
vn 1.00000000 0.00000000 0.00000000
vn -1.00000000 0.00000000 -0.00000000
vn -0.00000000 -1.00000000 -0.00000000
vn -1.00000000 0.00000000 0.00000000
vn -0.00000000 -0.00000000 -1.00000000
vn 0.00000000 -0.00000000 1.00000000
vn -0.00000000 -1.00000000 -0.00000000
vn 0.00000000 -0.00000000 1.00000000
vn -0.00000000 1.00000000 0.00000000
vn -0.00000000 -0.00000000 -1.00000000
vn -0.00000000 1.00000000 0.00000000
vn 1.00000000 0.00000000 0.00000000
vn 1.00000000 0.00000000 0.00000000
vn -1.00000000 0.00000000 -0.00000000
vn -0.00000000 -1.00000000 -0.00000000
vn -1.00000000 0.00000000 0.00000000
vn -0.00000000 -0.00000000 -1.00000000
vn 0.00000000 -0.00000000 1.00000000
vn -0.00000000 -1.00000000 -0.00000000
vn 0.00000000 -0.00000000 1.00000000
vn -0.00000000 1.00000000 0.00000000
vn -0.00000000 -0.00000000 -1.00000000
vn -0.00000000 1.00000000 0.00000000
vn 1.00000000 0.00000000 0.00000000
vn 1.00000000 0.00000000 0.00000000
vn -1.00000000 0.00000000 -0.00000000
vn -0.00000000 -1.00000000 -0.00000000
vn -1.00000000 0.00000000 0.00000000
vn -0.00000000 -0.00000000 -1.00000000
vn 0.00000000 -0.00000000 1.00000000
vn -0.00000000 -1.00000000 -0.00000000
vn 0.00000000 -0.00000000 1.00000000
vn -0.00000000 1.00000000 0.00000000
vn -0.00000000 -0.00000000 -1.00000000
vn -0.00000000 1.00000000 0.00000000
vn 1.00000000 0.00000000 0.00000000
vn 1.00000000 0.00000000 0.00000000
vn -1.00000000 0.00000000 -0.00000000
vn -0.00000000 -1.00000000 -0.00000000
vn -1.00000000 0.00000000 0.00000000
vn -0.00000000 -0.00000000 -1.00000000
vn 0.00000000 -0.00000000 1.00000000
vn -0.00000000 -1.00000000 -0.00000000
vn 0.00000000 -0.00000000 1.00000000
vn -0.00000000 1.00000000 0.00000000
vn -0.00000000 -0.00000000 -1.00000000
vn -0.00000000 1.00000000 0.00000000
vn 1.00000000 0.00000000 0.00000000
vn 1.00000000 0.00000000 0.00000000
vn -1.00000000 0.00000000 -0.00000000
vn -0.00000000 -1.00000000 -0.00000000
vn -1.00000000 0.00000000 0.00000000
vn -0.00000000 -0.00000000 -1.00000000
vn 0.00000000 -0.00000000 1.00000000
vn -0.00000000 -1.00000000 -0.00000000
vn 0.00000000 -0.00000000 1.00000000
vn -0.00000000 1.00000000 0.00000000
vn -0.00000000 -0.00000000 -1.00000000
vn -0.00000000 1.00000000 0.00000000
vn 1.00000000 0.00000000 0.00000000
vn 1.00000000 0.00000000 0.00000000
vn -1.00000000 0.00000000 -0.00000000
vn -0.00000000 -1.00000000 -0.00000000
vn -1.00000000 0.00000000 0.00000000
vn -0.00000000 -0.00000000 -1.00000000
vn 0.00000000 -0.00000000 1.00000000
vn -0.00000000 -1.00000000 -0.00000000
vn 0.00000000 -0.00000000 1.00000000
vn -0.00000000 1.00000000 0.00000000
vn -0.00000000 -0.00000000 -1.00000000
vn -0.00000000 1.00000000 0.00000000
vn 1.00000000 0.00000000 0.00000000
vn 1.00000000 0.00000000 0.00000000
vn -1.00000000 0.00000000 -0.00000000
vn -0.00000000 -1.00000000 -0.00000000
vn -1.00000000 0.00000000 0.00000000
vn -0.00000000 -0.00000000 -1.00000000
vn 0.00000000 -0.00000000 1.00000000
vn -0.00000000 -1.00000000 -0.00000000
vn 0.00000000 -0.00000000 1.00000000
vn -0.00000000 1.00000000 0.00000000
vn -0.00000000 -0.00000000 -1.00000000
vn -0.00000000 1.00000000 0.00000000
vn 1.00000000 0.00000000 0.00000000
vn 1.00000000 0.00000000 0.00000000
vn -1.00000000 0.00000000 -0.00000000
vn -0.00000000 -1.00000000 -0.00000000
vn -1.00000000 0.00000000 0.00000000
vn -0.00000000 -0.00000000 -1.00000000
vn 0.00000000 -0.00000000 1.00000000
vn -0.00000000 -1.00000000 -0.00000000
vn 0.00000000 -0.00000000 1.00000000
vn -0.00000000 1.00000000 0.00000000
vn -0.00000000 -0.00000000 -1.00000000
vn -0.00000000 1.00000000 0.00000000
vn 1.00000000 0.00000000 0.00000000
vn 1.00000000 0.00000000 0.00000000
vn -1.00000000 0.00000000 -0.00000000
vn -0.00000000 -1.00000000 -0.00000000
vn -1.00000000 0.00000000 0.00000000
vn -0.00000000 -0.00000000 -1.00000000
vn 0.00000000 -0.00000000 1.00000000
vn -0.00000000 -1.00000000 -0.00000000
vn 0.00000000 -0.00000000 1.00000000
vn -0.00000000 1.00000000 0.00000000
vn -0.00000000 -0.00000000 -1.00000000
vn -0.00000000 1.00000000 0.00000000
vn 1.00000000 0.00000000 0.00000000
vn 1.00000000 0.00000000 0.00000000
vn -1.00000000 0.00000000 -0.00000000
vn -0.00000000 -1.00000000 -0.00000000
vn -1.00000000 0.00000000 0.00000000
vn -0.00000000 -0.00000000 -1.00000000
vn 0.00000000 -0.00000000 1.00000000
vn -0.00000000 -1.00000000 -0.00000000
vn 0.00000000 -0.00000000 1.00000000
vn -0.00000000 1.00000000 0.00000000
vn -0.00000000 -0.00000000 -1.00000000
vn -0.00000000 1.00000000 0.00000000
vn 1.00000000 0.00000000 0.00000000
vn 1.00000000 0.00000000 0.00000000
vn -1.00000000 0.00000000 -0.00000000
vn -0.00000000 -1.00000000 -0.00000000
vn -1.00000000 0.00000000 0.00000000
vn -0.00000000 -0.00000000 -1.00000000
vn 0.00000000 -0.00000000 1.00000000
vn -0.00000000 -1.00000000 -0.00000000
vn 0.00000000 -0.00000000 1.00000000
vn -0.00000000 1.00000000 0.00000000
vn -0.00000000 -0.00000000 -1.00000000
vn -0.00000000 1.00000000 0.00000000
vn 1.00000000 0.00000000 0.00000000
vn 1.00000000 0.00000000 0.00000000
vn -1.00000000 0.00000000 -0.00000000
vn -0.00000000 -1.00000000 -0.00000000
vn -1.00000000 0.00000000 0.00000000
vn -0.00000000 -0.00000000 -1.00000000
vn 0.00000000 -0.00000000 1.00000000
vn -0.00000000 -1.00000000 -0.00000000
vn 0.00000000 -0.00000000 1.00000000
vn -0.00000000 1.00000000 0.00000000
vn -0.00000000 -0.00000000 -1.00000000
vn -0.00000000 1.00000000 0.00000000
vn 1.00000000 0.00000000 0.00000000
vn 1.00000000 0.00000000 0.00000000
vn -1.00000000 0.00000000 -0.00000000
vn -0.00000000 -1.00000000 -0.00000000
vn -1.00000000 0.00000000 0.00000000
vn -0.00000000 -0.00000000 -1.00000000
vn 0.00000000 -0.00000000 1.00000000
vn -0.00000000 -1.00000000 -0.00000000
vn 0.00000000 -0.00000000 1.00000000
vn -0.00000000 1.00000000 0.00000000
vn -0.00000000 -0.00000000 -1.00000000
vn -0.00000000 1.00000000 0.00000000
vn 1.00000000 0.00000000 0.00000000
vn 1.00000000 0.00000000 0.00000000
vn -1.00000000 0.00000000 -0.00000000
vn -0.00000000 -1.00000000 -0.00000000
vn -1.00000000 0.00000000 0.00000000
vn -0.00000000 -0.00000000 -1.00000000
vn 0.00000000 -0.00000000 1.00000000
vn -0.00000000 -1.00000000 -0.00000000
vn 0.00000000 -0.00000000 1.00000000
vn -0.00000000 1.00000000 0.00000000
vn -0.00000000 -0.00000000 -1.00000000
vn -0.00000000 1.00000000 0.00000000
vn 1.00000000 0.00000000 0.00000000
vn 1.00000000 0.00000000 0.00000000
vn -1.00000000 0.00000000 -0.00000000
vn -0.00000000 -1.00000000 -0.00000000
vn -1.00000000 0.00000000 0.00000000
vn -0.00000000 -0.00000000 -1.00000000
vn 0.00000000 -0.00000000 1.00000000
vn -0.00000000 -1.00000000 -0.00000000
vn 0.00000000 -0.00000000 1.00000000
vn -0.00000000 1.00000000 0.00000000
vn -0.00000000 -0.00000000 -1.00000000
vn -0.00000000 1.00000000 0.00000000
vn 1.00000000 0.00000000 0.00000000
vn 1.00000000 0.00000000 0.00000000
vn -1.00000000 0.00000000 -0.00000000
vn -0.00000000 -1.00000000 -0.00000000
vn -1.00000000 0.00000000 0.00000000
vn -0.00000000 -0.00000000 -1.00000000
vn 0.00000000 -0.00000000 1.00000000
vn -0.00000000 -1.00000000 -0.00000000
vn 0.00000000 -0.00000000 1.00000000
vn -0.00000000 1.00000000 0.00000000
vn -0.00000000 -0.00000000 -1.00000000
vn -0.00000000 1.00000000 0.00000000
vn 1.00000000 0.00000000 0.00000000
vn 1.00000000 0.00000000 0.00000000
vn -1.00000000 0.00000000 -0.00000000
vn -0.00000000 -1.00000000 -0.00000000
vn -1.00000000 0.00000000 0.00000000
vn -0.00000000 -0.00000000 -1.00000000
vn 0.00000000 -0.00000000 1.00000000
vn -0.00000000 -1.00000000 -0.00000000
vn 0.00000000 -0.00000000 1.00000000
vn -0.00000000 1.00000000 0.00000000
vn -0.00000000 -0.00000000 -1.00000000
vn -0.00000000 1.00000000 0.00000000
vn 1.00000000 0.00000000 0.00000000
vn 1.00000000 0.00000000 0.00000000
vn -1.00000000 0.00000000 -0.00000000
vn -0.00000000 -1.00000000 -0.00000000
vn -1.00000000 0.00000000 0.00000000
vn -0.00000000 -0.00000000 -1.00000000
vn 0.00000000 -0.00000000 1.00000000
vn -0.00000000 -1.00000000 -0.00000000
vn 0.00000000 -0.00000000 1.00000000
vn -0.00000000 1.00000000 0.00000000
vn -0.00000000 -0.00000000 -1.00000000
vn -0.00000000 1.00000000 0.00000000
vn 1.00000000 0.00000000 0.00000000
vn 1.00000000 0.00000000 0.00000000
vn -1.00000000 0.00000000 -0.00000000
vn -0.00000000 -1.00000000 -0.00000000
vn -1.00000000 0.00000000 0.00000000
vn -0.00000000 -0.00000000 -1.00000000
vn 0.00000000 -0.00000000 1.00000000
vn -0.00000000 -1.00000000 -0.00000000
vn 0.00000000 -0.00000000 1.00000000
vn -0.00000000 1.00000000 0.00000000
vn -0.00000000 -0.00000000 -1.00000000
vn -0.00000000 1.00000000 0.00000000
vn 1.00000000 0.00000000 0.00000000
vn 1.00000000 0.00000000 0.00000000
vn -1.00000000 0.00000000 -0.00000000
vn -0.00000000 -1.00000000 -0.00000000
vn -1.00000000 0.00000000 0.00000000
vn -0.00000000 -0.00000000 -1.00000000
vn 0.00000000 -0.00000000 1.00000000
vn -0.00000000 -1.00000000 -0.00000000
vn 0.00000000 -0.00000000 1.00000000
vn -0.00000000 1.00000000 0.00000000
vn -0.00000000 -0.00000000 -1.00000000
vn -0.00000000 1.00000000 0.00000000
vn 1.00000000 0.00000000 0.00000000
vn 1.00000000 0.00000000 0.00000000
vn -1.00000000 0.00000000 -0.00000000
vn -0.00000000 -1.00000000 -0.00000000
vn -1.00000000 0.00000000 0.00000000
vn -0.00000000 -0.00000000 -1.00000000
vn 0.00000000 -0.00000000 1.00000000
vn -0.00000000 -1.00000000 -0.00000000
vn 0.00000000 -0.00000000 1.00000000
vn -0.00000000 1.00000000 0.00000000
vn -0.00000000 -0.00000000 -1.00000000
vn -0.00000000 1.00000000 0.00000000
vn 1.00000000 0.00000000 0.00000000
vn 1.00000000 0.00000000 0.00000000
vn -1.00000000 0.00000000 -0.00000000
vn -0.00000000 -1.00000000 -0.00000000
vn -1.00000000 0.00000000 0.00000000
vn -0.00000000 -0.00000000 -1.00000000
vn 0.00000000 -0.00000000 1.00000000
vn -0.00000000 -1.00000000 -0.00000000
vn 0.00000000 -0.00000000 1.00000000
vn -0.00000000 1.00000000 0.00000000
vn -0.00000000 -0.00000000 -1.00000000
vn -0.00000000 1.00000000 0.00000000
vn 1.00000000 0.00000000 0.00000000
vn 1.00000000 0.00000000 0.00000000
vn -1.00000000 0.00000000 -0.00000000
vn -0.00000000 -1.00000000 -0.00000000
vn -1.00000000 0.00000000 0.00000000
vn -0.00000000 -0.00000000 -1.00000000
vn 0.00000000 -0.00000000 1.00000000
vn -0.00000000 -1.00000000 -0.00000000
vn 0.00000000 -0.00000000 1.00000000
vn -0.00000000 1.00000000 0.00000000
vn -0.00000000 -0.00000000 -1.00000000
vn -0.00000000 1.00000000 0.00000000
vn 1.00000000 0.00000000 0.00000000
vn 1.00000000 0.00000000 0.00000000
vn -1.00000000 0.00000000 -0.00000000
vn -0.00000000 -1.00000000 -0.00000000
vn -1.00000000 0.00000000 0.00000000
vn -0.00000000 -0.00000000 -1.00000000
vn 0.00000000 -0.00000000 1.00000000
vn -0.00000000 -1.00000000 -0.00000000
vn 0.00000000 -0.00000000 1.00000000
vn -0.00000000 1.00000000 0.00000000
vn -0.00000000 -0.00000000 -1.00000000
vn -0.00000000 1.00000000 0.00000000
vn 1.00000000 0.00000000 0.00000000
vn 1.00000000 0.00000000 0.00000000
vn -1.00000000 0.00000000 -0.00000000
vn -0.00000000 -1.00000000 -0.00000000
vn -1.00000000 0.00000000 0.00000000
vn -0.00000000 -0.00000000 -1.00000000
vn 0.00000000 -0.00000000 1.00000000
vn -0.00000000 -1.00000000 -0.00000000
vn 0.00000000 -0.00000000 1.00000000
vn -0.00000000 1.00000000 0.00000000
vn -0.00000000 -0.00000000 -1.00000000
vn -0.00000000 1.00000000 0.00000000
vn 1.00000000 0.00000000 0.00000000
vn 1.00000000 0.00000000 0.00000000
vn -1.00000000 0.00000000 -0.00000000
vn 0.00000000 -0.97814760 0.20791169
vn -1.00000000 0.00000000 -0.00000000
vn -0.00000000 -0.20791169 -0.97814760
vn 0.00000000 0.20791169 0.97814760
vn 0.00000000 -0.97814760 0.20791169
vn 0.00000000 0.20791169 0.97814760
vn 0.00000000 0.97814760 -0.20791169
vn 0.00000000 -0.20791169 -0.97814760
vn 0.00000000 0.97814760 -0.20791169
vn 1.00000000 0.00000000 0.00000000
vn 1.00000000 0.00000000 0.00000000
vn -1.00000000 0.00000000 -0.00000000
vn 0.00000000 -0.89100652 0.45399050
vn -1.00000000 0.00000000 -0.00000000
vn -0.00000000 -0.45399050 -0.89100652
vn 0.00000000 0.45399050 0.89100652
vn 0.00000000 -0.89100652 0.45399050
vn 0.00000000 0.45399050 0.89100652
vn 0.00000000 0.89100652 -0.45399050
vn 0.00000000 -0.45399050 -0.89100652
vn 0.00000000 0.89100652 -0.45399050
vn 1.00000000 0.00000000 -0.00000000
vn 1.00000000 0.00000000 0.00000000
vn -1.00000000 0.00000000 -0.00000000
vn 0.00000000 -0.70710678 0.70710678
vn -1.00000000 0.00000000 -0.00000000
vn -0.00000000 -0.70710678 -0.70710678
vn 0.00000000 0.70710678 0.70710678
vn 0.00000000 -0.70710678 0.70710678
vn 0.00000000 0.70710678 0.70710678
vn 0.00000000 0.70710678 -0.70710678
vn 0.00000000 -0.70710678 -0.70710678
vn 0.00000000 0.70710678 -0.70710678
vn 1.00000000 0.00000000 -0.00000000
vn 1.00000000 0.00000000 0.00000000
vn -1.00000000 0.00000000 -0.00000000
vn 0.00000000 -0.45399050 0.89100652
vn -1.00000000 0.00000000 -0.00000000
vn -0.00000000 -0.89100652 -0.45399050
vn 0.00000000 0.89100652 0.45399050
vn 0.00000000 -0.45399050 0.89100652
vn 0.00000000 0.89100652 0.45399050
vn 0.00000000 0.45399050 -0.89100652
vn 0.00000000 -0.89100652 -0.45399050
vn 0.00000000 0.45399050 -0.89100652
vn 1.00000000 0.00000000 -0.00000000
vn 1.00000000 0.00000000 0.00000000
vn -1.00000000 -0.00000000 -0.00000000
vn 0.00000000 -0.20791169 0.97814760
vn -1.00000000 0.00000000 -0.00000000
vn -0.00000000 -0.97814760 -0.20791169
vn 0.00000000 0.97814760 0.20791169
vn 0.00000000 -0.20791169 0.97814760
vn 0.00000000 0.97814760 0.20791169
vn 0.00000000 0.20791169 -0.97814760
vn 0.00000000 -0.97814760 -0.20791169
vn 0.00000000 0.20791169 -0.97814760
vn 1.00000000 0.00000000 -0.00000000
vn 1.00000000 0.00000000 0.00000000
vn -1.00000000 -0.00000000 -0.00000000
vn 0.00000000 -0.03489950 0.99939083
vn -1.00000000 0.00000000 -0.00000000
vn -0.00000000 -0.99939083 -0.03489950
vn 0.00000000 0.99939083 0.03489950
vn 0.00000000 -0.03489950 0.99939083
vn 0.00000000 0.99939083 0.03489950
vn 0.00000000 0.03489950 -0.99939083
vn 0.00000000 -0.99939083 -0.03489950
vn 0.00000000 0.03489950 -0.99939083
vn 1.00000000 0.00000000 -0.00000000
vn 1.00000000 0.00000000 0.00000000
vn -1.00000000 0.00000000 -0.00000000
vn 0.00000000 -0.97814760 -0.20791169
vn -1.00000000 0.00000000 0.00000000
vn 0.00000000 0.20791169 -0.97814760
vn 0.00000000 -0.20791169 0.97814760
vn -0.00000000 -0.97814760 -0.20791169
vn 0.00000000 -0.20791169 0.97814760
vn -0.00000000 0.97814760 0.20791169
vn 0.00000000 0.20791169 -0.97814760
vn 0.00000000 0.97814760 0.20791169
vn 1.00000000 0.00000000 0.00000000
vn 1.00000000 0.00000000 0.00000000
vn -1.00000000 0.00000000 0.00000000
vn 0.00000000 -0.89100652 -0.45399050
vn -1.00000000 0.00000000 0.00000000
vn 0.00000000 0.45399050 -0.89100652
vn 0.00000000 -0.45399050 0.89100652
vn -0.00000000 -0.89100652 -0.45399050
vn 0.00000000 -0.45399050 0.89100652
vn -0.00000000 0.89100652 0.45399050
vn 0.00000000 0.45399050 -0.89100652
vn 0.00000000 0.89100652 0.45399050
vn 1.00000000 0.00000000 0.00000000
vn 1.00000000 0.00000000 0.00000000
vn -1.00000000 0.00000000 0.00000000
vn 0.00000000 -0.70710678 -0.70710678
vn -1.00000000 0.00000000 0.00000000
vn 0.00000000 0.70710678 -0.70710678
vn 0.00000000 -0.70710678 0.70710678
vn -0.00000000 -0.70710678 -0.70710678
vn 0.00000000 -0.70710678 0.70710678
vn -0.00000000 0.70710678 0.70710678
vn 0.00000000 0.70710678 -0.70710678
vn 0.00000000 0.70710678 0.70710678
vn 1.00000000 0.00000000 0.00000000
vn 1.00000000 0.00000000 0.00000000
vn -1.00000000 0.00000000 0.00000000
vn 0.00000000 -0.45399050 -0.89100652
vn -1.00000000 0.00000000 0.00000000
vn 0.00000000 0.89100652 -0.45399050
vn 0.00000000 -0.89100652 0.45399050
vn -0.00000000 -0.45399050 -0.89100652
vn 0.00000000 -0.89100652 0.45399050
vn -0.00000000 0.45399050 0.89100652
vn 0.00000000 0.89100652 -0.45399050
vn 0.00000000 0.45399050 0.89100652
vn 1.00000000 0.00000000 0.00000000
vn 1.00000000 0.00000000 0.00000000
vn -1.00000000 0.00000000 0.00000000
vn 0.00000000 -0.20791169 -0.97814760
vn -1.00000000 0.00000000 0.00000000
vn 0.00000000 0.97814760 -0.20791169
vn 0.00000000 -0.97814760 0.20791169
vn -0.00000000 -0.20791169 -0.97814760
vn 0.00000000 -0.97814760 0.20791169
vn -0.00000000 0.20791169 0.97814760
vn 0.00000000 0.97814760 -0.20791169
vn 0.00000000 0.20791169 0.97814760
vn 1.00000000 0.00000000 0.00000000
vn 1.00000000 -0.00000000 0.00000000
vn -1.00000000 0.00000000 0.00000000
vn 0.00000000 -0.03489950 -0.99939083
vn -1.00000000 0.00000000 0.00000000
vn 0.00000000 0.99939083 -0.03489950
vn 0.00000000 -0.99939083 0.03489950
vn -0.00000000 -0.03489950 -0.99939083
vn 0.00000000 -0.99939083 0.03489950
vn -0.00000000 0.03489950 0.99939083
vn 0.00000000 0.99939083 -0.03489950
vn 0.00000000 0.03489950 0.99939083
vn 1.00000000 0.00000000 0.00000000
vn 1.00000000 -0.00000000 0.00000000
# piece RightTrack_Tires palette=Track
v -0.08500000 -0.11000000 -1.88000000
v -0.08500000 -0.11000000 -2.30000000
v 0.34500000 -0.11000000 -2.30000000
v 0.34500000 -0.11000000 -1.88000000
v -0.08500000 0.07223117 -2.25840692
v 0.34500000 0.07223117 -2.25840692
v -0.08500000 0.21836922 -2.14186572
v 0.34500000 0.21836922 -2.14186572
v -0.08500000 0.29946972 -1.97345879
v 0.34500000 0.29946972 -1.97345879
v -0.08500000 0.29946972 -1.78654121
v 0.34500000 0.29946972 -1.78654121
v -0.08500000 0.21836922 -1.61813428
v 0.34500000 0.21836922 -1.61813428
v -0.08500000 0.07223117 -1.50159308
v 0.34500000 0.07223117 -1.50159308
v -0.08500000 -0.11000000 -1.46000000
v 0.34500000 -0.11000000 -1.46000000
v -0.08500000 -0.29223117 -1.50159308
v 0.34500000 -0.29223117 -1.50159308
v -0.08500000 -0.43836922 -1.61813428
v 0.34500000 -0.43836922 -1.61813428
